1 25544U 98067A   23335.15129220  .00015792  00000-0  28416-3 0  9996
2 25544  51.6431 221.5671 0001539   2.4337 157.6201 15.49996725427689
1 25544U 98067A   23335.18711698  .00020300  00000-0  36270-3 0  9993
2 25544  51.6391 221.3912 0001112 352.6313   7.4659 15.50004394427695
1 25544U 98067A   23335.21280888  .00059007  00000-0  10330-2 0  9993
2 25544  51.6421 221.2609 0001021 355.9322 147.6364 15.50032099427699
1 25544U 98067A   23335.33606575  .00019842  00000-0  35462-3 0  9998
2 25544  51.6423 220.6499 0001037   7.4772 104.3112 15.50011613427719
1 25544U 98067A   23335.71264821  .00019172  00000-0  34279-3 0  9995
2 25544  51.6422 218.7838 0001042   9.8014  44.7278 15.50025017427773
1 25544U 98067A   23335.89631656  .00021931  00000-0  39070-3 0  9998
2 25544  51.6390 217.8782 0000918 353.0318   7.0658 15.50035416427797
1 25544U 98067A   23336.11717887  .00019404  00000-0  34663-3 0  9990
2 25544  51.6421 216.7785 0000924   8.1785 145.1730 15.50041295427838
1 25544U 98067A   23336.48733383  .00030290  00000-0  53530-3 0  9999
2 25544  51.6412 214.9466 0001301   3.2675  56.9965 15.50073145427892
1 25544U 98067A   23336.54102947  .00017320  00000-0  31008-3 0  9997
2 25544  51.6389 214.6828 0001042 353.8566   6.2410 15.50065326427894
1 25544U 98067A   23336.55371971  .00022998  00000-0  40875-3 0  9992
2 25544  51.6422 214.6131 0000839   2.3704  68.6039 15.50071598427901
1 25544U 98067A   23336.75412402  .00021019  00000-0  37426-3 0  9990
2 25544  51.6408 213.6248 0001327   1.8606 108.1454 15.50078623427931
1 25544U 98067A   23336.86338102  .00014156  00000-0  25486-3 0  9993
2 25544  51.6391 213.0860 0001014 356.2022   3.8959 15.50078931427942
1 25544U 98067A   23337.01755189  .00021657  00000-0  38522-3 0  9998
2 25544  51.6416 212.3160 0000932   3.4521 137.5324 15.50087330427975
1 25544U 98067A   23337.08337719  .00021458  00000-0  38174-3 0  9992
2 25544  51.6426 211.9904 0001326   5.6465 142.9017 15.50089461427983
1 25544U 98067A   23337.12126115  .00013439  00000-0  24229-3 0  9999
2 25544  51.6391 211.8078 0001077 357.2891   2.8091 15.50087782427998
1 25544U 98067A   23337.40753170  .00020668  00000-0  36782-3 0  9996
2 25544  51.6412 210.3871 0001391   7.1799 151.4629 15.50104594428039
1 25544U 98067A   23337.44360910  .00015536  00000-0  27868-3 0  9999
2 25544  51.6391 210.2100 0001128 357.4950   2.6033 15.50099036428048
1 25544U 98067A   23337.52021014  .00021640  00000-0  38462-3 0  9992
2 25544  51.6419 209.8257 0000784  18.3680  49.4844 15.50109640428059
1 25544U 98067A   23337.83041460  .00027934  00000-0  49306-3 0  9994
2 25544  51.6391 208.2936 0001103   2.5640 357.5354 15.50152267428100
1 25544U 98067A   23337.84431468 -.00004448  00000-0 -69692-4 0  9994
2 25544  51.6416 208.2263 0001289   7.4404  70.2714 15.50134285428107
1 25544U 98067A   23338.05416302  .00025143  00000-0  44481-3 0  9999
2 25544  51.6419 207.1799 0001187  14.3718 155.1850 15.50148145428131
1 25544U 98067A   23338.05416302  .00028534  00000-0  50324-3 0  9999
2 25544  51.6411 207.1838 0001125   0.1129 169.4531 15.50163917428136
1 25544U 98067A   23338.37354762  .00025938  00000-0  45807-3 0  9990
2 25544  51.6413 205.6006 0001103   2.0102 151.0955 15.50179000428188
1 25544U 98067A   23338.44300356  .00012516  00000-0  22563-3 0  9990
2 25544  51.6415 205.2570 0001016   8.3332 172.6144 15.50162995428194
1 25544U 98067A   23338.60401817  .00015871  00000-0  28379-3 0  9990
2 25544  51.6389 204.4602 0001182   5.7267 354.3735 15.50171078428213
1 25544U 98067A   23338.68696926  .00002505  00000-0  51547-4 0  9999
2 25544  51.6407 204.0474 0001105   4.6157  98.7044 15.50161098428233
1 25544U 98067A   23338.86188340  .00013742  00000-0  24680-3 0  9997
2 25544  51.6390 203.1826 0001222   4.5970 355.5030 15.50176685428256
1 25544U 98067A   23339.01611087  .00032187  00000-0  56578-3 0  9999
2 25544  51.6402 202.4175 0001285 358.1544 143.2048 15.50194500428283
1 25544U 98067A   23339.37761139  .00012837  00000-0  23100-3 0  9997
2 25544  51.6388 200.6270 0001241   6.3905 353.7100 15.50188492428344
1 25544U 98067A   23339.58703728  .00015059  00000-0  26943-3 0  9997
2 25544  51.6407 199.5862 0001156  12.7831  76.8411 15.50199867428372
1 25544U 98067A   23339.71939281 -.00001814  00000-0 -23662-4 0  9999
2 25544  51.6407 198.9321 0001902   0.0960 108.6377 15.50185475428394
1 25544U 98067A   23339.89333333  .00013846  00000-0  24837-3 0  9994
2 25544  51.6388 198.0716 0001232   6.3424 353.7580 15.50204994428411
1 25544U 98067A   23340.05227946  .00014354  00000-0  25711-3 0  9993
2 25544  51.6410 197.2798 0001200  13.9694 153.7619 15.50211833428440
1 25544U 98067A   23340.05227946  .00014354  00000-0  25711-3 0  9993
2 25544  51.6410 197.2798 0001200  13.9694 153.7619 15.50211833428440
1 25544U 98067A   23340.48651887  .00014051  00000-0  25175-3 0  9993
2 25544  51.6416 195.1287 0001458  11.2264  61.5007 15.50224296428517
1 25544U 98067A   23340.60787931  .00014425  00000-0  25819-3 0  9997
2 25544  51.6412 194.5256 0001226  15.4614  15.0071 15.50228530428532
1 25544U 98067A   23340.75299903  .00014420  00000-0  25805-3 0  9990
2 25544  51.6409 193.8065 0001231  16.1973 104.6954 15.50232848428554
1 25544U 98067A   23340.89246528  .00014499  00000-0  25939-3 0  9994
2 25544  51.6411 193.1153 0001189  17.3164 162.4311 15.50237217428571
1 25544U 98067A   23340.92476284  .00013005  00000-0  23353-3 0  9992
2 25544  51.6386 192.9599 0001408  10.6502 349.4516 15.50234848428570
1 25544U 98067A   23341.21222630  .00013946  00000-0  24974-3 0  9993
2 25544  51.6410 191.5311 0001459  12.9146 152.5505 15.50245044428627
1 25544U 98067A   23341.56939628  .00011597  00000-0  20902-3 0  9990
2 25544  51.6384 189.7648 0001444  14.3189 345.7840 15.50251715428671
1 25544U 98067A   23341.57684625  .00014084  00000-0  25204-3 0  9999
2 25544  51.6408 189.7242 0001634  12.9450  28.7712 15.50255805428685
1 25544U 98067A   23341.71359090  .00016326  00000-0  29070-3 0  9996
2 25544  51.6410 189.0391 0001311  38.7042  46.7045 15.50268233428702
1 25544U 98067A   23342.03807583  .00012720  00000-0  22837-3 0  9995
2 25544  51.6393 187.4408 0001241   6.1347  91.3677 15.50264424428752
1 25544U 98067A   23342.03807583  .00012720  00000-0  22837-3 0  9995
2 25544  51.6393 187.4408 0001241   6.1347  91.3677 15.50264424428752
1 25544U 98067A   23342.30734084  .00012049  00000-0  21670-3 0  9998
2 25544  51.6394 186.1058 0001294   7.8659 153.3851 15.50269878428797
1 25544U 98067A   23342.60770916  .00002676  00000-0  54327-4 0  9996
2 25544  51.6397 184.6139 0000562  75.0245 323.6893 15.50265324428844
1 25544U 98067A   23342.68585403  .00002476  00000-0  50861-4 0  9996
2 25544  51.6390 184.2291 0000493  82.9545  32.1709 15.50265965428855
1 25544U 98067A   23342.85864605  .00009220  00000-0  16769-3 0  9991
2 25544  51.6391 183.3756 0001399  14.2781 345.8247 15.50277268428870
1 25544U 98067A   23343.01589613  .00011847  00000-0  21310-3 0  9999
2 25544  51.6397 182.5927 0001252  16.6817 141.6212 15.50285436428905
1 25544U 98067A   23343.07755144  .00026603  00000-0  46764-3 0  9995
2 25544  51.6400 182.2887 0001365  15.2823 127.3497 15.50296263428916
1 25544U 98067A   23343.37434053  .00008952  00000-0  16301-3 0  9992
2 25544  51.6390 180.8193 0001430  15.4287 344.6745 15.50286576428968
1 25544U 98067A   23343.58511200  .00010948  00000-0  19748-3 0  9991
2 25544  51.6398 179.7719 0001217  23.6641  73.5536 15.50295972428994
1 25544U 98067A   23343.89003053  .00010027  00000-0  18153-3 0  9994
2 25544  51.6387 178.2632 0001409  16.8839 343.2196 15.50298857429036
1 25544U 98067A   23343.98164631  .00010527  00000-0  19015-3 0  9997
2 25544  51.6394 177.8056 0001276  21.5596 130.2037 15.50302936429058
1 25544U 98067A   23344.03719644  .00008045  00000-0  14724-3 0  9998
2 25544  51.6401 177.5300 0001402  21.5999  80.3927 15.50299595429064
1 25544U 98067A   23344.40571819  .00008787  00000-0  16004-3 0  9995
2 25544  51.6385 175.7070 0001428  16.8051 343.2985 15.50306931429128
1 25544U 98067A   23344.41821535  .00023771  00000-0  41846-3 0  9991
2 25544  51.6400 175.6413 0001536  28.3289  41.5814 15.50322923429125
1 25544U 98067A   23344.55172951  .00010228  00000-0  18492-3 0  9991
2 25544  51.6394 174.9779 0001350  22.4129  73.1463 15.50313898429140
1 25544U 98067A   23344.79248146  .00008403  00000-0  15335-3 0  9992
2 25544  51.6381 173.7899 0001397  20.1358 339.9686 15.50313905429189
1 25544U 98067A   23344.85694177  .00008176  00000-0  14942-3 0  9998
2 25544  51.6381 173.4703 0001359  21.0914 339.0131 15.50314884429189
1 25544U 98067A   23345.00370002  .00009797  00000-0  17741-3 0  9994
2 25544  51.6402 172.7364 0001393  16.7918  82.9368 15.50320011429210
1 25544U 98067A   23345.50154377  .00008365  00000-0  15264-3 0  9992
2 25544  51.6378 170.2756 0001583  20.6159 339.4894 15.50327056429289
1 25544U 98067A   23345.51867810  .00009795  00000-0  17731-3 0  9995
2 25544  51.6401 170.1832 0001017  37.0320  58.7854 15.50331619429292
1 25544U 98067A   23345.88830182  .00007968  00000-0  14573-3 0  9998
2 25544  51.6379 168.3582 0001420  24.0769 336.0286 15.50333491429345
1 25544U 98067A   23346.04318105  .00009378  00000-0  17006-3 0  9994
2 25544  51.6405 167.5830 0000962  42.0496 103.0569 15.50340139429375
1 25544U 98067A   23346.48488243  .00009629  00000-0  17435-3 0  9998
2 25544  51.6403 165.3999 0001556  25.8245  66.1371 15.50347832429441
1 25544U 98067A   23346.55116319  .00009157  00000-0  16619-3 0  9997
2 25544  51.6390 165.0639 0001062  36.5290  65.6167 15.50348626429455
1 25544U 98067A   23346.67906868  .00008908  00000-0  16188-3 0  9990
2 25544  51.6402 164.4314 0001234  45.5486  50.9340 15.50349770429473
1 25544U 98067A   23346.85519140  .00010278  00000-0  18552-3 0  9993
2 25544  51.6385 163.5654 0001613  23.7903 336.3160 15.50353638429494
1 25544U 98067A   23347.00952887  .00008557  00000-0  15581-3 0  9996
2 25544  51.6401 162.7943 0001508  31.8398 110.2398 15.50354268429522
1 25544U 98067A   23347.49977686  .00011735  00000-0  21055-3 0  9998
2 25544  51.6378 160.3694 0001594  26.3668 333.7402 15.50367583429595
1 25544U 98067A   23347.50845237  .00010427  00000-0  18800-3 0  9997
2 25544  51.6399 160.3272 0001810  32.8388  15.7236 15.50368084429603
1 25544U 98067A   23347.51705983  .00009938  00000-0  17956-3 0  9997
2 25544  51.6405 160.2818 0001750  29.8322  66.8036 15.50367148429608
1 25544U 98067A   23347.71217513  .00009832  00000-0  17772-3 0  9995
2 25544  51.6394 159.3176 0001811  33.2253  73.1265 15.50370303429636
1 25544U 98067A   23347.88652528  .00010732  00000-0  19321-3 0  9995
2 25544  51.6381 158.4526 0001583  27.1475 332.9596 15.50375403429656
1 25544U 98067A   23347.97546825  .00010243  00000-0  18476-3 0  9994
2 25544  51.6397 158.0105 0001827  32.3380 104.5191 15.50377164429678
1 25544U 98067A   23347.97546825  .00012365  00000-0  22133-3 0  9996
2 25544  51.6391 158.0112 0001904  31.5177 105.3410 15.50380628429673
1 25544U 98067A   23348.35012875  .00012884  00000-0  23017-3 0  9990
2 25544  51.6390 156.1528 0001952  31.7296  37.6397 15.50391551429734
1 25544U 98067A   23348.40218600  .00012181  00000-0  21808-3 0  9996
2 25544  51.6381 155.8964 0001737  27.3324 332.7756 15.50389932429747
1 25544U 98067A   23348.55047925  .00009297  00000-0  16838-3 0  9993
2 25544  51.6405 155.1513 0002034  26.8564  81.4798 15.50387276429763
1 25544U 98067A   23348.80239672  .00011825  00000-0  21186-3 0  9995
2 25544  51.6405 153.9062 0002239  25.0767  50.2515 15.50399815429809
1 25544U 98067A   23348.85338454  .00010748  00000-0  19331-3 0  9990
2 25544  51.6384 153.6600 0001666  29.6922 330.4162 15.50400924429801
1 25544U 98067A   23348.93556075  .00009873  00000-0  17825-3 0  9993
2 25544  51.6406 153.2443 0002046  30.5165  68.5474 15.50397707429821
1 25544U 98067A   23349.23759259  .00023190  00000-0  40700-3 0  9992
2 25544  51.6422 151.7482 0002260  30.8955 315.0781 15.50422841429866
1 25544U 98067A   23349.38384836  .00022434  00000-0  39396-3 0  9992
2 25544  51.6414 151.0242 0002072  34.3439  48.5014 15.50428682429890
1 25544U 98067A   23349.43349233  .00009576  00000-0  17303-3 0  9996
2 25544  51.6385 150.7841 0001725  30.2745 329.8343 15.50415508429902
1 25544U 98067A   23349.58332819  .00011687  00000-0  20935-3 0  9995
2 25544  51.6408 150.0331 0002426  25.3019  91.6622 15.50419692429927
1 25544U 98067A   23349.77942848  .00011909  00000-0  21312-3 0  9992
2 25544  51.6409 149.0630 0002164  26.5806 105.6517 15.50425701429954
1 25544U 98067A   23349.88468330  .00010984  00000-0  19718-3 0  9992
2 25544  51.6387 148.5481 0001920  28.9083 331.2012 15.50429660429965
1 25544U 98067A   23349.90199946  .00014690  00000-0  26088-3 0  9995
2 25544  51.6411 148.4567 0001974  33.3564  63.4719 15.50435100429975
1 25544U 98067A   23350.41698703  .00014861  00000-0  26367-3 0  9998
2 25544  51.6405 145.9039 0001917  35.5611  57.6211 15.50451193430051
1 25544U 98067A   23350.52923492  .00014340  00000-0  25472-3 0  9994
2 25544  51.6388 145.3530 0001943  31.0951 329.0153 15.50451241430064
1 25544U 98067A   23350.54963201  .00012489  00000-0  22292-3 0  9997
2 25544  51.6405 145.2449 0002135  28.3850  85.6442 15.50447930430070
1 25544U 98067A   23350.85150727  .00014658  00000-0  26009-3 0  9992
2 25544  51.6391 143.7551 0001851  32.9705 327.1399 15.50461202430113
1 25544U 98067A   23350.94162340  .00013182  00000-0  23473-3 0  9999
2 25544  51.6404 143.3031 0001948  36.0384 107.4005 15.50461250430130
1 25544U 98067A   23351.43159243  .00016785  00000-0  29640-3 0  9996
2 25544  51.6393 140.8790 0001824  35.2354 324.8755 15.50481979430218
1 25544U 98067A   23351.56049911  .00017985  00000-0  31690-3 0  9991
2 25544  51.6392 140.2396 0001820  35.4273 324.6837 15.50487767430222
1 25544U 98067A   23351.57669229  .00014852  00000-0  26320-3 0  9996
2 25544  51.6404 140.1563 0002228  35.2675  55.2856 15.50484560430235
1 25544U 98067A   23351.71148383  .00015015  00000-0  26597-3 0  9993
2 25544  51.6399 139.4874 0002173  37.0466  86.3777 15.50488799430258
1 25544U 98067A   23351.88276356  .00020178  00000-0  35431-3 0  9996
2 25544  51.6394 138.6419 0001841  36.0805 324.0309 15.50502637430279
1 25544U 98067A   23351.90722637  .00018430  00000-0  32438-3 0  9999
2 25544  51.6406 138.5176 0002199  38.2837  98.4608 15.50501267430281
1 25544U 98067A   23352.39838179  .00017794  00000-0  31327-3 0  9990
2 25544  51.6395 136.0855 0001890  38.0854 322.0268 15.50519983430360
1 25544U 98067A   23352.55051462  .00003344  00000-0  65376-4 0  9998
2 25544  51.6403 135.3286 0001834  33.7472  96.1135 15.50514198430383
1 25544U 98067A   23352.67780823  .00017325  00000-0  30515-3 0  9991
2 25544  51.6402 134.6963 0002014  40.4134  80.4557 15.50528785430401
1 25544U 98067A   23352.67887090  .00003345  00000-0  65376-4 0  9996
2 25544  51.6403 134.6919 0001834  34.2180  92.5839 15.50518613430400
1 25544U 98067A   23352.84954247  .00016408  00000-0  28938-3 0  9990
2 25544  51.6393 133.8486 0001968  37.4987 322.6139 15.50535986430420
1 25544U 98067A   23352.94042124  .00019718  00000-0  34592-3 0  9993
2 25544  51.6408 133.3953 0002086  35.3062 112.4245 15.50544160430443
1 25544U 98067A   23353.44924648  .00019019  00000-0  33374-3 0  9990
2 25544  51.6398 130.8734 0002045  36.8913  72.9727 15.50562609430528
1 25544U 98067A   23353.55849898  .00015870  00000-0  27991-3 0  9994
2 25544  51.6391 130.3335 0002005  38.3416 321.7715 15.50561785430531
1 25544U 98067A   23353.57231559  .00017152  00000-0  30185-3 0  9999
2 25544  51.6405 130.2575 0002166  35.8241  41.4606 15.50561064430544
1 25544U 98067A   23353.83348131  .00071310  00000-0  12200-2 0  9996
2 25544  51.6395 128.9720 0002112  44.2647  51.8345 15.50600304430583
1 25544U 98067A   23353.83348131  .00071310  00000-0  12200-2 0  9996
2 25544  51.6395 128.9720 0002112  44.2646  51.8346 15.50600303430582
1 25544U 98067A   23354.41299744  .00018101  00000-0  31769-3 0  9997
2 25544  51.6404 126.0928 0001896  47.3717  45.7843 15.50595703430674
1 25544U 98067A   23354.54213479  .00017971  00000-0  31542-3 0  9995
2 25544  51.6405 125.4516 0002094  45.2061  49.2847 15.50599588430691
1 25544U 98067A   23354.58968871  .00017769  00000-0  31197-3 0  9993
2 25544  51.6389 125.2204 0002041  41.4768 318.6375 15.50599768430697
1 25544U 98067A   23354.74424249  .00018175  00000-0  31881-3 0  9999
2 25544  51.6405 124.4497 0002218  42.6336 100.8029 15.50607829430720
1 25544U 98067A   23354.87335714  .00018222  00000-0  31955-3 0  9996
2 25544  51.6405 123.8090 0002210  43.3923 101.2647 15.50612776430744
1 25544U 98067A   23355.31412799  .00032857  00000-0  56826-3 0  9999
2 25544  51.6412 121.6274 0002555  43.5692  43.1953 15.50642142430811
1 25544U 98067A   23355.57221789  .00017651  00000-0  30955-3 0  9994
2 25544  51.6406 120.3439 0002315  42.6132  45.8278 15.50635998430850
1 25544U 98067A   23355.62085263  .00016957  00000-0  29770-3 0  9996
2 25544  51.6392 120.1070 0002092  42.1796 317.9354 15.50637511430857
1 25544U 98067A   23355.71058934  .00017521  00000-0  30729-3 0  9995
2 25544  51.6406 119.6587 0002362  41.7601  99.6210 15.50640663430878
1 25544U 98067A   23355.81419263  .00017005  00000-0  29845-3 0  9996
2 25544  51.6391 119.1480 0002027  45.1526 314.9627 15.50645245430887
1 25544U 98067A   23355.83220365  .00018035  00000-0  31599-3 0  9994
2 25544  51.6401 119.0543 0002494  39.4234  61.2972 15.50646322430891
1 25544U 98067A   23356.21354366  .00022625  00000-0  39383-3 0  9995
2 25544  51.6413 117.1614 0002662  41.3295  29.5914 15.50671209430950
1 25544U 98067A   23356.39420598  .00019327  00000-0  33769-3 0  9992
2 25544  51.6391 116.2713 0002098  46.7195 313.3969 15.50673009430983
1 25544U 98067A   23356.58754131  .00023427  00000-0  40727-3 0  9994
2 25544  51.6390 115.3128 0002149  47.8847 312.2325 15.50686269431005
1 25544U 98067A   23356.62160880  .00020299  00000-0  35411-3 0  9999
2 25544  51.6404 115.1397 0002372  47.5453 142.8758 15.50683802431013
1 25544U 98067A   23356.78087512  .00024598  00000-0  42700-3 0  9991
2 25544  51.6390 114.3543 0002146  47.6426 312.4745 15.50697873431037
1 25544U 98067A   23356.79871559  .00021675  00000-0  37736-3 0  9990
2 25544  51.6407 114.2612 0002175  48.2629  51.5133 15.50694732431040
1 25544U 98067A   23356.79871559  .00021675  00000-0  37736-3 0  9990
2 25544  51.6407 114.2612 0002175  48.2628  51.5134 15.50694732431040
1 25544U 98067A   23357.63135435  .00020841  00000-0  37736-3 0  9994
2 25544  51.6406 110.1372 0002236 286.6801 142.2626 15.49605165431174
1 25544U 98067A   23357.70915881  .00062007  00000-0  10997-2 0  9992
2 25544  51.6408 109.7520 0002299 289.2848 214.0067 15.49642386431188
1 25544U 98067A   23357.74799100  .00017771  00000-0  32275-3 0  9992
2 25544  51.6388 109.5607 0002987 296.8910  63.1774 15.49634238431182
1 25544U 98067A   23357.74799124  .00019300  00000-0  34975-3 0  9997
2 25544  51.6390 109.5617 0003075 298.1534  61.9144 15.49634420431193
1 25544U 98067A   23358.54126836  .00025158  00000-0  45256-3 0  9992
2 25544  51.6420 105.6310 0002539 302.8651 165.6136 15.49672002431316
1 25544U 98067A   23358.60922196  .00023528  00000-0  42383-3 0  9999
2 25544  51.6416 105.2934 0002808 307.5294 180.2953 15.49672790431328
1 25544U 98067A   23358.74290228  .00020286  00000-0  36665-3 0  9992
2 25544  51.6423 104.6327 0003142 313.0261 201.0641 15.49674292431340
1 25544U 98067A   23358.77979889  .00019109  00000-0  34590-3 0  9999
2 25544  51.6395 104.4519 0003077 302.3682  57.7008 15.49673460431343
1 25544U 98067A   23359.11224416  .00020973  00000-0  37854-3 0  9994
2 25544  51.6423 102.8030 0003190 314.7655 101.1935 15.49691275431402
1 25544U 98067A   23359.37992657  .00020259  00000-0  36585-3 0  9998
2 25544  51.6425 101.4778 0003014 312.6457 157.6731 15.49700627431446
1 25544U 98067A   23359.42466363  .00020584  00000-0  37152-3 0  9996
2 25544  51.6394 101.2587 0002988 308.6349  51.4372 15.49704743431457
1 25544U 98067A   23359.55363588  .00020000  00000-0  36119-3 0  9990
2 25544  51.6401 100.6208 0003224 307.9293  52.1404 15.49706729431464
1 25544U 98067A   23359.57547654  .00018654  00000-0  33749-3 0  9998
2 25544  51.6423 100.5175 0003471 307.9468 174.0431 15.49705814431477
1 25544U 98067A   23359.70918240  .00020885  00000-0  37668-3 0  9999
2 25544  51.6426  99.8506 0003204 311.2719 197.1580 15.49714849431490
1 25544U 98067A   23359.74709269  .00019147  00000-0  34608-3 0  9992
2 25544  51.6401  99.6628 0003213 308.8151  51.2550 15.49713890431490
1 25544U 98067A   23359.76507144  .00020249  00000-0  36546-3 0  9990
2 25544  51.6426  99.5712 0003107 312.8493 147.5918 15.49716429431506
1 25544U 98067A   23360.52090971  .00019625  00000-0  35410-3 0  9996
2 25544  51.6404  95.8313 0003279 314.3957  45.6763 15.49746737431613
1 25544U 98067A   23360.54221057  .00020199  00000-0  36417-3 0  9995
2 25544  51.6425  95.7217 0003082 314.4402 164.5528 15.49748264431624
1 25544U 98067A   23360.67547882  .00085441  00000-0  15003-2 0  9994
2 25544  51.6408  95.0667 0003319 317.0802 185.9208 15.49781125431640
1 25544U 98067A   23360.71436201  .00018455  00000-0  33343-3 0  9990
2 25544  51.6403  94.8746 0003368 316.7099  43.3625 15.49753125431647
1 25544U 98067A   23360.71436201  .00018455  00000-0  33343-3 0  9990
2 25544  51.6403  94.8746 0003368 316.7099  43.3625 15.49753125431658
1 25544U 98067A   23361.42367717  .00018643  00000-0  33642-3 0  9995
2 25544  51.6405  91.3609 0003293 317.3458  42.7275 15.49780910431761
1 25544U 98067A   23361.55264223  .00019519  00000-0  35174-3 0  9992
2 25544  51.6406  90.7224 0003309 317.9149  42.1585 15.49786860431778
1 25544U 98067A   23361.64317000  .00019964  00000-0  35948-3 0  9997
2 25544  51.6426  90.2685 0003133 319.1869 186.3019 15.49792151431799
1 25544U 98067A   23361.69854464  .00019037  00000-0  34321-3 0  9997
2 25544  51.6428  89.9978 0003198 317.6191 137.0179 15.49791933431802
1 25544U 98067A   23361.74608895  .00018745  00000-0  33806-3 0  9990
2 25544  51.6405  89.7645 0003296 318.4652  41.6086 15.49793861431805
1 25544U 98067A   23361.76557825  .00019788  00000-0  35633-3 0  9996
2 25544  51.6426  89.6638 0003241 319.5381 149.3467 15.49796531431817
1 25544U 98067A   23362.07956641  .00020066  00000-0  36106-3 0  9997
2 25544  51.6425  88.1076 0003103 319.6179 102.2593 15.49810232431867
1 25544U 98067A   23362.51986656  .00019726  00000-0  35489-3 0  9999
2 25544  51.6406  85.9324 0003323 322.0900  37.9854 15.49825634431924
1 25544U 98067A   23362.54301635  .00019825  00000-0  35659-3 0  9999
2 25544  51.6432  85.8128 0003183 321.6421 167.6867 15.49827915431931
1 25544U 98067A   23362.66528494  .00019783  00000-0  35580-3 0  9992
2 25544  51.6432  85.2073 0003207 323.3120 128.6500 15.49832627431955
1 25544U 98067A   23362.71330847  .00018865  00000-0  33969-3 0  9990
2 25544  51.6406  84.9741 0003330 323.0881  36.9878 15.49832703431956
1 25544U 98067A   23362.71330847  .00018865  00000-0  33969-3 0  9990
2 25544  51.6406  84.9741 0003330 323.0881  36.9878 15.49832703431967
1 25544U 98067A   23363.37967480  .00019716  00000-0  35427-3 0  9999
2 25544  51.6433  81.6692 0003290 326.8090 153.6876 15.49861336432065
1 25544U 98067A   23363.55154436  .00019906  00000-0  35750-3 0  9998
2 25544  51.6405  80.8230 0003323 327.2974  32.7809 15.49869477432085
1 25544U 98067A   23363.56473148  .00020121  00000-0  36125-3 0  9991
2 25544  51.6430  80.7517 0003285 328.6070 105.1008 15.49870052432097
1 25544U 98067A   23363.68050208  .00019964  00000-0  35843-3 0  9991
2 25544  51.6405  80.1835 0003377 328.1521  31.9264 15.49875000432104
1 25544U 98067A   23363.69831336  .00019742  00000-0  35457-3 0  9996
2 25544  51.6430  80.0897 0003230 327.3857 132.1376 15.49874161432116
1 25544U 98067A   23363.69831336  .00019743  00000-0  35458-3 0  9998
2 25544  51.6430  80.0897 0003230 327.3849 132.1384 15.49874161432116
1 25544U 98067A   23364.21289016  .00019994  00000-0  35870-3 0  9995
2 25544  51.6429  77.5396 0003226 329.0861 123.4676 15.49896520432195
1 25544U 98067A   23364.51871581  .00017877  00000-0  32150-3 0  9998
2 25544  51.6404  76.0327 0003485 332.9650  27.1157 15.49909404432248
1 25544U 98067A   23364.60889228  .00022186  00000-0  39674-3 0  9992
2 25544  51.6429  75.5840 0003324 333.3539 170.2191 15.49918131432258
1 25544U 98067A   23364.64767011  .00018470  00000-0  33182-3 0  9990
2 25544  51.6404  75.3930 0003437 332.6666  27.4142 15.49914379432267
1 25544U 98067A   23364.72876247  .00023014  00000-0  41108-3 0  9998
2 25544  51.6421  74.9894 0003429 334.2701 118.5877 15.49925090432279