1 48274U 21035A   23001.24356435  .00011200  00000-0  13820-3 0  9995
2 48274  41.4768  93.3086 0005879 252.6880 317.4287 15.60047827 95721
1 48274U 21035A   23001.55987269  .00011731  00000-0  14449-3 0  9991
2 48274  41.4764  91.3861 0005802 256.6759 292.2123 15.60057727 95775
1 48274U 21035A   23001.74319361  .00012017  00000-0  14788-3 0  9998
2 48274  41.4765  90.2714 0005798 257.6595 242.1437 15.60063211 95805
1 48274U 21035A   23002.30306213  .00012131  00000-0  14916-3 0  9993
2 48274  41.4764  86.8679 0005804 260.7607 147.5089 15.60077615 95895
1 48274U 21035A   23002.70257789  .00012302  00000-0  15114-3 0  9991
2 48274  41.4765  84.4393 0005828 262.5937 232.4030 15.60088190 95952
1 48274U 21035A   23002.70257789  .00012302  00000-0  15114-3 0  9991
2 48274  41.4765  84.4393 0005828 262.5937 232.4030 15.60088190 95952
1 48274U 21035A   23002.96495348  .00012265  00000-0  15066-3 0  9998
2 48274  41.4766  82.8443 0005851 264.9275 265.5766 15.60094535 95995
1 48274U 21035A   23003.40047360  .00012171  00000-0  14948-3 0  9999
2 48274  41.4762  80.1972 0005863 266.7217 193.0073 15.60104802 96062
1 48274U 21035A   23003.66223228  .00012112  00000-0  14874-3 0  9999
2 48274  41.4764  78.6062 0005866 267.6632 224.1206 15.60111003 96100
1 48274U 21035A   23004.22111027  .00011914  00000-0  14630-3 0  9994
2 48274  41.4766  75.2080 0005899 271.3012 123.4701 15.60124012 96199
1 48274U 21035A   23004.55312495  .00012050  00000-0  14787-3 0  9997
2 48274  41.4766  73.1904 0005911 273.0832 188.8721 15.60133034 96242
1 48274U 21035A   23004.95005850  .00012053  00000-0  14786-3 0  9997
2 48274  41.4767  70.7769 0005908 275.7868 258.4522 15.60142877 96304
1 48274U 21035A   23005.25039905  .00012325  00000-0  15104-3 0  9996
2 48274  41.4766  68.9505 0005858 276.8616 146.4557 15.60151780 96359
1 48274U 21035A   23005.25039905  .00012325  00000-0  15104-3 0  9996
2 48274  41.4766  68.9505 0005858 276.8616 146.4557 15.60151780 96359
1 48274U 21035A   23005.58593027  .00013553  00000-0  16557-3 0  9999
2 48274  41.4766  66.9112 0005690 276.8574 233.4804 15.60167026 96406
1 48274U 21035A   23005.94145833  .00011063  00000-0  13587-3 0  9991
2 48274  41.4773  64.7555 0005876 276.1393  73.6808 15.60179126 96456
1 48274U 21035A   23006.17640983  .00013906  00000-0  16965-3 0  9994
2 48274  41.4768  63.3208 0005685 280.7134 310.4680 15.60185715 96497
1 48274U 21035A   23006.49210648  .00014467  00000-0  17624-3 0  9996
2 48274  41.4766  61.4025 0005753 279.3681 287.3103 15.60197840 96548
1 48274U 21035A   23006.83717593  .00015013  00000-0  18263-3 0  9993
2 48274  41.4769  59.3049 0005857 284.1332  63.2364 15.60210187 96590
1 48274U 21035A   23006.83717593  .00015013  00000-0  18263-3 0  9993
2 48274  41.4769  59.3049 0005857 284.1332  63.2364 15.60210187 96590
1 48274U 21035A   23007.04481641  .00008497  00000-0  10523-3 0  9998
2 48274  41.4769  58.0449 0005761 279.8707 155.2836 15.60208162 96632
1 48274U 21035A   23007.17785454  .00015063  00000-0  18316-3 0  9996
2 48274  41.4769  57.2340 0005803 284.9638 178.4182 15.60220824 96652
1 48274U 21035A   23007.50603188  .00014991  00000-0  18224-3 0  9993
2 48274  41.4768  55.2400 0005667 284.6477 224.4458 15.60230197 96700
1 48274U 21035A   23007.57142078  .00015006  00000-0  18240-3 0  9992
2 48274  41.4768  54.8410 0005683 284.8309 232.0211 15.60232239 96712
1 48274U 21035A   23007.63287583  .00015055  00000-0  18298-3 0  9997
2 48274  41.4768  54.4688 0005641 285.4410 217.0441 15.60234352 96726
1 48274U 21035A   23007.63287583  .00015055  00000-0  18298-3 0  9997
2 48274  41.4768  54.4688 0005641 285.4410 217.0441 15.60234352 96726
1 48274U 21035A   23008.00424515  .00015495  00000-0  18810-3 0  9995
2 48274  41.4772  52.2113 0005680 287.2107 143.9255 15.60245955 96783
1 48274U 21035A   23008.19534164  .00015096  00000-0  18333-3 0  9994
2 48274  41.4768  51.0498 0005754 288.9853 136.9175 15.60251251 96812
1 48274U 21035A   23008.40849537  .00015033  00000-0  18254-3 0  9994
2 48274  41.4767  49.7534 0005751 290.4947 254.2354 15.60257527 96843
1 48274U 21035A   23008.59199367  .00015272  00000-0  18533-3 0  9998
2 48274  41.4768  48.6380 0005729 291.7738 205.0013 15.60264041 96876
1 48274U 21035A   23008.81979167  .00015090  00000-0  18313-3 0  9991
2 48274  41.4765  47.2521 0005743 292.6226  45.3535 15.60270403 96900
1 48274U 21035A   23008.81979167  .00015090  00000-0  18313-3 0  9991
2 48274  41.4765  47.2521 0005743 292.6226  45.3535 15.60270403 96900
1 48274U 21035A   23009.22215517  .00015999  00000-0  19377-3 0  9998
2 48274  41.4767  44.8055 0005772 295.6116 145.3998 15.60286781 96977
1 48274U 21035A   23009.48948323  .00016850  00000-0  20374-3 0  9990
2 48274  41.4766  43.1802 0005793 297.8252 206.7517 15.60299208 97019
1 48274U 21035A   23009.77763889  .00052068  00000-0  61718-3 0  9992
2 48274  41.4759  41.4270 0005834 300.0096  25.3209 15.60351396 97054
1 48274U 21035A   23010.24994619  .00017976  00000-0  21680-3 0  9996
2 48274  41.4761  38.5545 0005773 302.8588 158.9280 15.60330869 97130
1 48274U 21035A   23010.44841108  .00018208  00000-0  21947-3 0  9997
2 48274  41.4765  37.3507 0005717 303.2845 194.7819 15.60339772 97169
1 48274U 21035A   23010.80335648  .00018430  00000-0  22197-3 0  9999
2 48274  41.4764  35.1909 0005574 306.5766  27.9132 15.60354187 97217
1 48274U 21035A   23011.20821970  .00019272  00000-0  23174-3 0  9993
2 48274  41.4761  32.7280 0005440 307.7427 143.9743 15.60374060 97284
1 48274U 21035A   23011.27548968  .00019274  00000-0  23174-3 0  9995
2 48274  41.4761  32.3188 0005440 308.2313 161.8578 15.60376703 97299
1 48274U 21035A   23011.35188657  .00019901  00000-0  23906-3 0  9999
2 48274  41.4763  31.8550 0005516 310.5233 229.2844 15.60382918 97301
1 48274U 21035A   23011.46936354  .00019904  00000-0  23906-3 0  9999
2 48274  41.4763  31.1403 0005514 311.3748 169.2073 15.60387680 97329
1 48274U 21035A   23011.53776986  .00020745  00000-0  24890-3 0  9998
2 48274  41.4767  30.7243 0005432 311.8421 193.5178 15.60394222 97339
1 48274U 21035A   23011.79818999  .00020994  00000-0  25172-3 0  9997
2 48274  41.4766  29.1395 0005330 313.1010 217.0658 15.60406274 97374
1 48274U 21035A   23011.83039352  .00020993  00000-0  25170-3 0  9997
2 48274  41.4766  28.9435 0005328 313.2206  38.0845 15.60407627 97373
1 48274U 21035A   23012.23367050 -.00018367  00000-0 -21522-3 0  9992
2 48274  41.4753  26.4941 0005407 299.3023 160.2507 15.60221184 97446
1 48274U 21035A   23013.39264206 -.00020500  00000-0 -24036-3 0  9994
2 48274  41.4758  19.4523 0007544 314.4768 183.4246 15.60241870 97629
1 48274U 21035A   23013.39264206 -.00020500  00000-0 -24036-3 0  9994
2 48274  41.4758  19.4523 0007544 314.4768 183.4246 15.60241870 97629
1 48274U 21035A   23013.74996528  .00023208  00000-0  27872-3 0  9999
2 48274  41.4763  17.2782 0006035 316.5403  31.1319 15.60312853 97676