1 48274U 21035A   24001.16081924  .00031763  00000-0  32125-3 0  9990
2 48274  41.4715  29.6361 0006427 115.9368 244.2135 15.64592014152790
1 48274U 21035A   24001.47997057  .00033185  00000-0  33511-3 0  9997
2 48274  41.4715  27.6828 0006443 119.2785 240.8700 15.64614582152845
1 48274U 21035A   24001.54380036  .00033788  00000-0  34104-3 0  9996
2 48274  41.4715  27.2923 0006440 119.7363 240.4119 15.64619614152853
1 48274U 21035A   24001.54380036  .00033788  00000-0  34104-3 0  9996
2 48274  41.4715  27.2923 0006440 119.7363 240.4119 15.64619614152853
1 48274U 21035A   24002.11826092  .00035888  00000-0  36134-3 0  9995
2 48274  41.4716  23.7762 0006538 124.3493 235.7966 15.64659199152949
1 48274U 21035A   24002.43739829  .00036990  00000-0  37190-3 0  9999
2 48274  41.4717  21.8232 0006584 127.4285 232.7155 15.64684025152993
1 48274U 21035A   24002.50122526  .00034157  00000-0  34377-3 0  9994
2 48274  41.4716  21.4325 0006588 127.9372 232.2065 15.64686858153001
1 48274U 21035A   24002.50122526  .00034157  00000-0  34377-3 0  9994
2 48274  41.4716  21.4325 0006588 127.9372 232.2065 15.64686858153001
1 48274U 21035A   24003.01183442  .00032831  00000-0  33016-3 0  9991
2 48274  41.4717  18.3069 0006663 132.5552 227.5851 15.64721502153082
1 48274U 21035A   24003.39478473  .00031220  00000-0  31389-3 0  9995
2 48274  41.4717  15.9630 0006707 134.2657 225.8734 15.64746013153145
1 48274U 21035A   24003.39478473  .00031220  00000-0  31389-3 0  9995
2 48274  41.4717  15.9630 0006707 134.2657 225.8734 15.64746013153145
1 48274U 21035A   24003.45860883  .00031566  00000-0  31725-3 0  9999
2 48274  41.4718  15.5728 0006693 135.7348 224.4028 15.64750575153157
1 48274U 21035A   24003.45860883  .00031566  00000-0  31725-3 0  9999
2 48274  41.4718  15.5728 0006693 135.7348 224.4028 15.64750575153157
1 48274U 21035A   24004.47977631  .00032842  00000-0  32898-3 0  9992
2 48274  41.4719   9.3212 0006901 144.1912 215.9392 15.64817966153315
1 48274U 21035A   24004.47977631  .00032842  00000-0  32898-3 0  9992
2 48274  41.4719   9.3212 0006901 144.1912 215.9392 15.64817966153315
1 48274U 21035A   24006.39433680  .00034580  00000-0  34416-3 0  9995
2 48274  41.4719 357.5979 0007588 160.5191 199.5941 15.64954404153615
1 48274U 21035A   24006.39433680  .00034580  00000-0  34416-3 0  9995
2 48274  41.4719 357.5979 0007588 160.5191 199.5941 15.64954404153615
1 48274U 21035A   24007.37593640  .00021950  00000-0  24428-3 0  9996
2 48274  41.4696 351.5970 0004384  51.4999  84.0597 15.62324511153768
1 48274U 21035A   24007.41581300  .00031228  00000-0  34549-3 0  9995
2 48274  41.4700 351.3497 0005138  42.8490 317.2749 15.62322512153774
1 48274U 21035A   24007.41581300  .00031228  00000-0  34549-3 0  9995
2 48274  41.4700 351.3497 0005138  42.8490 317.2749 15.62322512153774
1 48274U 21035A   24008.37464983  .00030461  00000-0  33632-3 0  9998
2 48274  41.4701 345.5007 0004950  52.7405 307.3885 15.62385373153926
1 48274U 21035A   24008.37464983  .00030461  00000-0  33632-3 0  9998
2 48274  41.4701 345.5007 0004950  52.7405 307.3885 15.62385373153926
1 48274U 21035A   24009.33344652  .00039151  00000-0  42952-3 0  9995
2 48274  41.4702 339.6515 0004800  62.9190 297.2139 15.62457127154076
1 48274U 21035A   24009.33344652  .00039151  00000-0  42952-3 0  9995
2 48274  41.4702 339.6515 0004800  62.9190 297.2139 15.62457127154076
1 48274U 21035A   24010.35611582  .00034453  00000-0  37758-3 0  9996
2 48274  41.4701 333.4126 0004696  72.5180 287.6173 15.62530976154237
1 48274U 21035A   24010.80351691  .00039773  00000-0  43440-3 0  9993
2 48274  41.4704 330.6825 0004658  77.0149 283.1210 15.62567225154306
1 48274U 21035A   24011.05916998  .00043357  00000-0  47255-3 0  9999
2 48274  41.4702 329.1228 0004654  80.1203 280.0161 15.62591109154349
1 48274U 21035A   24011.31481918  .00042155  00000-0  45923-3 0  9992
2 48274  41.4702 327.5628 0004663  82.8025 277.3344 15.62612660154388
1 48274U 21035A   24011.31481918  .00042155  00000-0  45923-3 0  9992
2 48274  41.4702 327.5628 0004663  82.8025 277.3344 15.62612660154388
1 48274U 21035A   24011.82610555  .00043865  00000-0  47674-3 0  9993
2 48274  41.4702 324.4426 0004640  89.0705 271.0666 15.62659629154462
1 48274U 21035A   24011.89001528  .00044247  00000-0  48070-3 0  9990
2 48274  41.4702 324.0527 0004651  89.3191 270.8182 15.62666383154470
1 48274U 21035A   24012.14565154  .00045516  00000-0  49382-3 0  9996
2 48274  41.4702 322.4931 0004644  92.1588 267.9783 15.62691332154516
1 48274U 21035A   24012.33737643  .00042795  00000-0  46440-3 0  9999
2 48274  41.4702 321.3230 0004639  93.9969 266.1401 15.62707138154545
1 48274U 21035A   24012.33737643  .00042795  00000-0  46440-3 0  9999
2 48274  41.4702 321.3230 0004639  93.9969 266.1401 15.62707138154545
1 48274U 21035A   24012.84863429  .00041270  00000-0  44738-3 0  9992
2 48274  41.4700 318.2028 0004623 100.2320 259.9041 15.62746629154626
1 48274U 21035A   24012.84863429  .00041270  00000-0  44738-3 0  9992
2 48274  41.4700 318.2028 0004623 100.2320 259.9041 15.62746629154626
1 48274U 21035A   24013.16816226  .00045383  00000-0  49073-3 0  9997
2 48274  41.4700 316.2531 0004609 102.9686 257.1669 15.62778559154679
1 48274U 21035A   24013.29597140  .00045535  00000-0  49210-3 0  9994
2 48274  41.4699 315.4730 0004614 104.5678 255.5673 15.62791630154697
1 48274U 21035A   24013.29597140  .00045535  00000-0  49210-3 0  9994
2 48274  41.4699 315.4730 0004614 104.5678 255.5673 15.62791630154697
1 48274U 21035A   24013.32008811  .00040136  00000-0  43461-3 0  9994
2 48274  41.4699 315.3257 0004608 104.7957  31.1898 15.62784800154693
1 48274U 21035A   24013.87110028  .00047366  00000-0  51046-3 0  9998
2 48274  41.4698 311.9623 0004622 111.2672 248.8661 15.62849375154788
1 48274U 21035A   24014.27767473  .00048444  00000-0  52109-3 0  9994
2 48274  41.4705 309.4765 0004739 116.4116  14.2405 15.62889406154842
1 48274U 21035A   24014.82960023  .00052628  00000-0  56412-3 0  9991
2 48274  41.4693 306.1110 0004747 121.5773 238.5530 15.62951179154938
1 48274U 21035A   24014.82960023  .00052628  00000-0  56412-3 0  9991
2 48274  41.4693 306.1110 0004747 121.5773 238.5530 15.62951179154938
1 48274U 21035A   24015.14908598  .00053992  00000-0  57778-3 0  9997
2 48274  41.4690 304.1611 0004826 126.1258 234.0029 15.62984538154980
1 48274U 21035A   24015.14908598  .00053992  00000-0  57778-3 0  9997
2 48274  41.4690 304.1611 0004826 126.1258 234.0029 15.62984538154980
1 48274U 21035A   24015.78803466  .00048255  00000-0  51566-3 0  9990
2 48274  41.4690 300.2600 0004782 132.3287 227.7958 15.63058327155088
1 48274U 21035A   24015.78803466  .00048255  00000-0  51566-3 0  9990
2 48274  41.4690 300.2600 0004782 132.3287 227.7958 15.63058327155088
1 48274U 21035A   24016.19796442 -.00291427  00000-0 -33283-2 0  9999
2 48274  41.4710 297.7585 0006058 173.1959 336.2821 15.62187729155140
1 48274U 21035A   24016.83099081 -.00077850  00000-0 -86305-3 0  9991
2 48274  41.4698 293.8939 0006270 178.6015 295.6686 15.62199792155245
1 48274U 21035A   24017.65624517  .00053402  00000-0  58566-3 0  9993
2 48274  41.4709 288.8660 0007370 183.5141 258.2816 15.62341280155375
1 48274U 21035A   24017.78691876  .00039504  00000-0  43521-3 0  9991
2 48274  41.4650 288.0654 0008872 178.5615 279.1616 15.62312668155393
1 48274U 21035A   24017.78691876  .00039504  00000-0  43521-3 0  9991
2 48274  41.4650 288.0654 0008872 178.5615 279.1616 15.62312668155393
1 48274U 21035A   24018.15312405  .00031046  00000-0  34296-3 0  9993
2 48274  41.4691 285.8325 0006886 188.5611 171.5112 15.62350410155458
1 48274U 21035A   24018.21704647  .00030456  00000-0  33649-3 0  9998
2 48274  41.4691 285.4425 0006908 189.0619 171.0096 15.62353823155462
1 48274U 21035A   24018.21704647  .00030456  00000-0  33649-3 0  9998
2 48274  41.4691 285.4425 0006908 189.0619 171.0096 15.62353823155462
1 48274U 21035A   24018.79233833  .00035076  00000-0  38605-3 0  9995
2 48274  41.4691 281.9330 0007167 193.0913 166.9741 15.62396977155555
1 48274U 21035A   24018.79233833  .00035076  00000-0  38605-3 0  9995
2 48274  41.4691 281.9330 0007167 193.0913 166.9741 15.62396977155555
1 48274U 21035A   24019.11193781  .00039482  00000-0  43333-3 0  9998
2 48274  41.4687 279.9836 0007100 195.0638 164.9991 15.62426898155608
1 48274U 21035A   24019.17585674  .00039326  00000-0  43154-3 0  9998
2 48274  41.4686 279.5936 0007168 195.6230 164.4389 15.62432453155613
1 48274U 21035A   24019.17585674  .00039326  00000-0  43154-3 0  9998
2 48274  41.4686 279.5936 0007168 195.6230 164.4389 15.62432453155613
1 48274U 21035A   24019.81503641  .00040684  00000-0  44529-3 0  9999
2 48274  41.4686 275.6946 0007214 200.4470 159.6082 15.62486585155716
1 48274U 21035A   24019.87895316  .00040463  00000-0  44281-3 0  9998
2 48274  41.4686 275.3047 0007225 200.8535 159.2010 15.62491763155725
1 48274U 21035A   24020.13461773  .00040561  00000-0  44348-3 0  9998
2 48274  41.4689 273.7443 0007350 202.7408 157.3107 15.62513321155764
1 48274U 21035A   24020.58202392  .00037213  00000-0  40684-3 0  9996
2 48274  41.4687 271.0141 0007529 205.6649 154.3817 15.62544067155839
1 48274U 21035A   24020.77376814  .00029096  00000-0  31918-3 0  9998
2 48274  41.4686 269.8439 0007576 206.9967 153.0479 15.62549168155862
1 48274U 21035A   24020.77376814  .00029096  00000-0  31918-3 0  9998
2 48274  41.4686 269.8439 0007576 206.9967 153.0479 15.62549168155862
1 48274U 21035A   24021.02942532  .00023272  00000-0  25616-3 0  9991
2 48274  41.4687 268.2846 0007692 209.1748 150.8663 15.62556891155905
1 48274U 21035A   24021.15725331  .00021832  00000-0  24054-3 0  9996
2 48274  41.4687 267.5057 0007708 210.4659 149.5733 15.62561500155923
1 48274U 21035A   24021.15725331  .00021832  00000-0  24054-3 0  9996
2 48274  41.4687 267.5057 0007708 210.4659 149.5733 15.62561500155923
1 48274U 21035A   24022.05203997  .00284906  00000-0  29906-2 0  9998
2 48274  41.4683 262.0456 0007800 216.0505 143.9809 15.62596799156063
1 48274U 21035A   24022.17986409  .00039656  00000-0  43212-3 0  9994
2 48274  41.4691 261.2644 0007803 216.7162 143.3143 15.62603633156084
1 48274U 21035A   24022.17986409  .00039656  00000-0  43212-3 0  9994
2 48274  41.4691 261.2644 0007803 216.7162 143.3143 15.62603633156084
1 48274U 21035A   24023.07462752  .00022756  00000-0  24982-3 0  9990
2 48274  41.4679 255.8051 0007990 222.4760 137.5462 15.62632106156228
1 48274U 21035A   24023.71373247  .00020248  00000-0  22255-3 0  9996
2 48274  41.4677 251.9054 0008111 226.3153 133.7015 15.62656411156329
1 48274U 21035A   24023.71373247  .00020248  00000-0  22255-3 0  9996
2 48274  41.4677 251.9054 0008111 226.3153 133.7015 15.62656411156329
1 48274U 21035A   24024.09719036  .00029336  00000-0  32017-3 0  9992
2 48274  41.4671 249.5647 0008199 227.1847 132.8304 15.62671443156388
1 48274U 21035A   24024.22500921  .00017559  00000-0  19343-3 0  9999
2 48274  41.4671 248.7847 0008157 228.8901 131.1235 15.62673667156402
1 48274U 21035A   24024.22500921  .00017559  00000-0  19343-3 0  9999
2 48274  41.4671 248.7847 0008157 228.8901 131.1235 15.62673667156402
1 48274U 21035A   24024.67237036  .00019976  00000-0  21929-3 0  9990
2 48274  41.4673 246.0546 0008192 232.4939 127.5157 15.62694490156478
1 48274U 21035A   24024.67237036  .00019976  00000-0  21929-3 0  9990
2 48274  41.4673 246.0546 0008192 232.4939 127.5157 15.62694490156478
1 48274U 21035A   24025.05581933  .00019642  00000-0  21557-3 0  9998
2 48274  41.4668 243.7149 0008176 234.7364 125.2710 15.62708843156539
1 48274U 21035A   24025.05581933  .00019642  00000-0  21557-3 0  9998
2 48274  41.4668 243.7149 0008176 234.7364 125.2710 15.62708843156539
1 48274U 21035A   24025.82270560  .00019616  00000-0  21503-3 0  9996
2 48274  41.4666 239.0335 0008396 238.9648 121.0368 15.62738350156659
1 48274U 21035A   24025.82270560  .00019616  00000-0  21503-3 0  9996
2 48274  41.4666 239.0335 0008396 238.9648 121.0368 15.62738350156659
1 48274U 21035A   24026.20614463  .00017424  00000-0  19140-3 0  9992
2 48274  41.4666 236.6930 0008454 241.7240 118.2747 15.62748695156717
1 48274U 21035A   24026.20614463  .00017424  00000-0  19140-3 0  9992
2 48274  41.4666 236.6930 0008454 241.7240 118.2747 15.62748695156717
1 48274U 21035A   24027.03691633  .00016029  00000-0  17621-3 0  9990
2 48274  41.4666 231.6218 0008471 247.8583 112.1357 15.62778614156845
1 48274U 21035A   24027.54815209  .00019515  00000-0  21341-3 0  9990
2 48274  41.4666 228.5010 0008518 250.7976 109.1942 15.62800934156927
1 48274U 21035A   24027.61205668  .00017303  00000-0  18971-3 0  9998
2 48274  41.4665 228.1110 0008510 251.3967 108.5949 15.62800258156932
1 48274U 21035A   24027.86767212  .00018506  00000-0  20252-3 0  9994
2 48274  41.4667 226.5507 0008570 252.6861 107.3041 15.62810182156970
1 48274U 21035A   24027.86767212  .00018506  00000-0  20252-3 0  9994
2 48274  41.4667 226.5507 0008570 252.6861 107.3041 15.62810182156970
1 48274U 21035A   24027.86767212  .00018506  00000-0  20252-3 0  9994
2 48274  41.4667 226.5507 0008570 252.6861 107.3041 15.62810182156970
1 48274U 21035A   24027.86767212  .00018506  00000-0  20252-3 0  9994
2 48274  41.4667 226.5507 0008570 252.6861 107.3041 15.62810182156970
1 48274U 21035A   24027.86767212  .00018506  00000-0  20252-3 0  9994
2 48274  41.4667 226.5507 0008570 252.6861 107.3041 15.62810182156970
1 48274U 21035A   24027.86767212  .00018506  00000-0  20252-3 0  9994
2 48274  41.4667 226.5507 0008570 252.6861 107.3041 15.62810182156970
1 48274U 21035A   24027.86767212  .00018506  00000-0  20252-3 0  9994
2 48274  41.4667 226.5507 0008570 252.6861 107.3041 15.62810182156970
1 48274U 21035A   24027.86767212  .00018506  00000-0  20252-3 0  9994
2 48274  41.4667 226.5507 0008570 252.6861 107.3041 15.62810182156970
1 48274U 21035A   24027.86767212  .00018506  00000-0  20252-3 0  9994
2 48274  41.4667 226.5507 0008570 252.6861 107.3041 15.62810182156970
1 48274U 21035A   24027.86767212  .00018506  00000-0  20252-3 0  9994
2 48274  41.4667 226.5507 0008570 252.6861 107.3041 15.62810182156970
1 48274U 21035A   24027.86767212  .00018506  00000-0  20252-3 0  9994
2 48274  41.4667 226.5507 0008570 252.6861 107.3041 15.62810182156970
1 48274U 21035A   24027.86767212  .00018506  00000-0  20252-3 0  9994
2 48274  41.4667 226.5507 0008570 252.6861 107.3041 15.62810182156970
1 48274U 21035A   24027.86767212  .00018506  00000-0  20252-3 0  9994
2 48274  41.4667 226.5507 0008570 252.6861 107.3041 15.62810182156970
1 48274U 21035A   24027.86767212  .00018506  00000-0  20252-3 0  9994
2 48274  41.4667 226.5507 0008570 252.6861 107.3041 15.62810182156970
1 48274U 21035A   24027.86767212  .00018506  00000-0  20252-3 0  9994
2 48274  41.4667 226.5507 0008570 252.6861 107.3041 15.62810182156970
1 48274U 21035A   24027.86767212  .00018506  00000-0  20252-3 0  9994
2 48274  41.4667 226.5507 0008570 252.6861 107.3041 15.62810182156970
1 48274U 21035A   24027.86767212  .00018506  00000-0  20252-3 0  9994
2 48274  41.4667 226.5507 0008570 252.6861 107.3041 15.62810182156970
1 48274U 21035A   24027.86767212  .00018506  00000-0  20252-3 0  9994
2 48274  41.4667 226.5507 0008570 252.6861 107.3041 15.62810182156970
1 48274U 21035A   24027.86767212  .00018506  00000-0  20252-3 0  9994
2 48274  41.4667 226.5507 0008570 252.6861 107.3041 15.62810182156970
1 48274U 21035A   24027.86767212  .00018506  00000-0  20252-3 0  9994
2 48274  41.4667 226.5507 0008570 252.6861 107.3041 15.62810182156970
1 48274U 21035A   24027.86767212  .00018506  00000-0  20252-3 0  9994
2 48274  41.4667 226.5507 0008570 252.6861 107.3041 15.62810182156970
1 48274U 21035A   24027.86767212  .00018506  00000-0  20252-3 0  9994
2 48274  41.4667 226.5507 0008570 252.6861 107.3041 15.62810182156970
1 48274U 21035A   24027.86767212  .00018506  00000-0  20252-3 0  9994
2 48274  41.4667 226.5507 0008570 252.6861 107.3041 15.62810182156970
1 48274U 21035A   24027.86767212  .00018506  00000-0  20252-3 0  9994
2 48274  41.4667 226.5507 0008570 252.6861 107.3041 15.62810182156970
1 48274U 21035A   24027.86767212  .00018506  00000-0  20252-3 0  9994
2 48274  41.4667 226.5507 0008570 252.6861 107.3041 15.62810182156970
1 48274U 21035A   24027.86767212  .00018506  00000-0  20252-3 0  9994
2 48274  41.4667 226.5507 0008570 252.6861 107.3041 15.62810182156970
1 48274U 21035A   24027.86767212  .00018506  00000-0  20252-3 0  9994
2 48274  41.4667 226.5507 0008570 252.6861 107.3041 15.62810182156970
1 48274U 21035A   24027.86767212  .00018506  00000-0  20252-3 0  9994
2 48274  41.4667 226.5507 0008570 252.6861 107.3041 15.62810182156970
1 48274U 21035A   24027.86767212  .00018506  00000-0  20252-3 0  9994
2 48274  41.4667 226.5507 0008570 252.6861 107.3041 15.62810182156970
1 48274U 21035A   24027.86767212  .00018506  00000-0  20252-3 0  9994
2 48274  41.4667 226.5507 0008570 252.6861 107.3041 15.62810182156970
1 48274U 21035A   24027.86767212  .00018506  00000-0  20252-3 0  9994
2 48274  41.4667 226.5507 0008570 252.6861 107.3041 15.62810182156970
1 48274U 21035A   24027.86767212  .00018506  00000-0  20252-3 0  9994
2 48274  41.4667 226.5507 0008570 252.6861 107.3041 15.62810182156970
1 48274U 21035A   24027.86767212  .00018506  00000-0  20252-3 0  9994
2 48274  41.4667 226.5507 0008570 252.6861 107.3041 15.62810182156970
1 48274U 21035A   24027.86767212  .00018506  00000-0  20252-3 0  9994
2 48274  41.4667 226.5507 0008570 252.6861 107.3041 15.62810182156970
1 48274U 21035A   24027.86767212  .00018506  00000-0  20252-3 0  9994
2 48274  41.4667 226.5507 0008570 252.6861 107.3041 15.62810182156970
1 48274U 21035A   24027.86767212  .00018506  00000-0  20252-3 0  9994
2 48274  41.4667 226.5507 0008570 252.6861 107.3041 15.62810182156970
1 48274U 21035A   24027.86767212  .00018506  00000-0  20252-3 0  9994
2 48274  41.4667 226.5507 0008570 252.6861 107.3041 15.62810182156970
1 48274U 21035A   24027.86767212  .00018506  00000-0  20252-3 0  9994
2 48274  41.4667 226.5507 0008570 252.6861 107.3041 15.62810182156970
1 48274U 21035A   24027.86767212  .00018506  00000-0  20252-3 0  9994
2 48274  41.4667 226.5507 0008570 252.6861 107.3041 15.62810182156970
1 48274U 21035A   24027.86767212  .00018506  00000-0  20252-3 0  9994
2 48274  41.4667 226.5507 0008570 252.6861 107.3041 15.62810182156970
1 48274U 21035A   24027.86767212  .00018506  00000-0  20252-3 0  9994
2 48274  41.4667 226.5507 0008570 252.6861 107.3041 15.62810182156970
1 48274U 21035A   24027.86767212  .00018506  00000-0  20252-3 0  9994
2 48274  41.4667 226.5507 0008570 252.6861 107.3041 15.62810182156970
1 48274U 21035A   24027.86767212  .00018506  00000-0  20252-3 0  9994
2 48274  41.4667 226.5507 0008570 252.6861 107.3041 15.62810182156970
1 48274U 21035A   24027.86767212  .00018506  00000-0  20252-3 0  9994
2 48274  41.4667 226.5507 0008570 252.6861 107.3041 15.62810182156970
1 48274U 21035A   24027.86767212  .00018506  00000-0  20252-3 0  9994
2 48274  41.4667 226.5507 0008570 252.6861 107.3041 15.62810182156970
1 48274U 21035A   24027.86767212  .00018506  00000-0  20252-3 0  9994
2 48274  41.4667 226.5507 0008570 252.6861 107.3041 15.62810182156970
1 48274U 21035A   24027.86767212  .00018506  00000-0  20252-3 0  9994
2 48274  41.4667 226.5507 0008570 252.6861 107.3041 15.62810182156970
1 48274U 21035A   24027.86767212  .00018506  00000-0  20252-3 0  9994
2 48274  41.4667 226.5507 0008570 252.6861 107.3041 15.62810182156970
1 48274U 21035A   24027.86767212  .00018506  00000-0  20252-3 0  9994
2 48274  41.4667 226.5507 0008570 252.6861 107.3041 15.62810182156970
1 48274U 21035A   24027.86767212  .00018506  00000-0  20252-3 0  9994
2 48274  41.4667 226.5507 0008570 252.6861 107.3041 15.62810182156970
1 48274U 21035A   24027.86767212  .00018506  00000-0  20252-3 0  9994
2 48274  41.4667 226.5507 0008570 252.6861 107.3041 15.62810182156970
1 48274U 21035A   24027.86767212  .00018506  00000-0  20252-3 0  9994
2 48274  41.4667 226.5507 0008570 252.6861 107.3041 15.62810182156970
1 48274U 21035A   24027.86767212  .00018506  00000-0  20252-3 0  9994
2 48274  41.4667 226.5507 0008570 252.6861 107.3041 15.62810182156970
1 48274U 21035A   24027.86767212  .00018506  00000-0  20252-3 0  9994
2 48274  41.4667 226.5507 0008570 252.6861 107.3041 15.62810182156970
1 48274U 21035A   24027.86767212  .00018506  00000-0  20252-3 0  9994
2 48274  41.4667 226.5507 0008570 252.6861 107.3041 15.62810182156970
1 48274U 21035A   24027.86767212  .00018506  00000-0  20252-3 0  9994
2 48274  41.4667 226.5507 0008570 252.6861 107.3041 15.62810182156970
1 48274U 21035A   24027.86767212  .00018506  00000-0  20252-3 0  9994
2 48274  41.4667 226.5507 0008570 252.6861 107.3041 15.62810182156970
1 48274U 21035A   24027.86767212  .00018506  00000-0  20252-3 0  9994
2 48274  41.4667 226.5507 0008570 252.6861 107.3041 15.62810182156970
1 48274U 21035A   24027.86767212  .00018506  00000-0  20252-3 0  9994
2 48274  41.4667 226.5507 0008570 252.6861 107.3041 15.62810182156970
1 48274U 21035A   24027.86767212  .00018506  00000-0  20252-3 0  9994
2 48274  41.4667 226.5507 0008570 252.6861 107.3041 15.62810182156970
1 48274U 21035A   24027.86767212  .00018506  00000-0  20252-3 0  9994
2 48274  41.4667 226.5507 0008570 252.6861 107.3041 15.62810182156970
1 48274U 21035A   24027.86767212  .00018506  00000-0  20252-3 0  9994
2 48274  41.4667 226.5507 0008570 252.6861 107.3041 15.62810182156970
1 48274U 21035A   24027.86767212  .00018506  00000-0  20252-3 0  9994
2 48274  41.4667 226.5507 0008570 252.6861 107.3041 15.62810182156970
1 48274U 21035A   24027.86767212  .00018506  00000-0  20252-3 0  9994
2 48274  41.4667 226.5507 0008570 252.6861 107.3041 15.62810182156970
1 48274U 21035A   24027.86767212  .00018506  00000-0  20252-3 0  9994
2 48274  41.4667 226.5507 0008570 252.6861 107.3041 15.62810182156970
1 48274U 21035A   24027.86767212  .00018506  00000-0  20252-3 0  9994
2 48274  41.4667 226.5507 0008570 252.6861 107.3041 15.62810182156970
1 48274U 21035A   24027.86767212  .00018506  00000-0  20252-3 0  9994
2 48274  41.4667 226.5507 0008570 252.6861 107.3041 15.62810182156970
1 48274U 21035A   24027.86767212  .00018506  00000-0  20252-3 0  9994
2 48274  41.4667 226.5507 0008570 252.6861 107.3041 15.62810182156970
1 48274U 21035A   24027.86767212  .00018506  00000-0  20252-3 0  9994
2 48274  41.4667 226.5507 0008570 252.6861 107.3041 15.62810182156970
1 48274U 21035A   24027.86767212  .00018506  00000-0  20252-3 0  9994
2 48274  41.4667 226.5507 0008570 252.6861 107.3041 15.62810182156970
1 48274U 21035A   24027.86767212  .00018506  00000-0  20252-3 0  9994
2 48274  41.4667 226.5507 0008570 252.6861 107.3041 15.62810182156970
1 48274U 21035A   24027.86767212  .00018506  00000-0  20252-3 0  9994
2 48274  41.4667 226.5507 0008570 252.6861 107.3041 15.62810182156970
1 48274U 21035A   24027.86767212  .00018506  00000-0  20252-3 0  9994
2 48274  41.4667 226.5507 0008570 252.6861 107.3041 15.62810182156970
1 48274U 21035A   24027.86767212  .00018506  00000-0  20252-3 0  9994
2 48274  41.4667 226.5507 0008570 252.6861 107.3041 15.62810182156970
1 48274U 21035A   24027.86767212  .00018506  00000-0  20252-3 0  9994
2 48274  41.4667 226.5507 0008570 252.6861 107.3041 15.62810182156970
1 48274U 21035A   24027.86767212  .00018506  00000-0  20252-3 0  9994
2 48274  41.4667 226.5507 0008570 252.6861 107.3041 15.62810182156970
1 48274U 21035A   24027.86767212  .00018506  00000-0  20252-3 0  9994
2 48274  41.4667 226.5507 0008570 252.6861 107.3041 15.62810182156970
1 48274U 21035A   24027.86767212  .00018506  00000-0  20252-3 0  9994
2 48274  41.4667 226.5507 0008570 252.6861 107.3041 15.62810182156970
1 48274U 21035A   24027.86767212  .00018506  00000-0  20252-3 0  9994
2 48274  41.4667 226.5507 0008570 252.6861 107.3041 15.62810182156970
1 48274U 21035A   24027.86767212  .00018506  00000-0  20252-3 0  9994
2 48274  41.4667 226.5507 0008570 252.6861 107.3041 15.62810182156970
1 48274U 21035A   24027.86767212  .00018506  00000-0  20252-3 0  9994
2 48274  41.4667 226.5507 0008570 252.6861 107.3041 15.62810182156970
1 48274U 21035A   24027.86767212  .00018506  00000-0  20252-3 0  9994
2 48274  41.4667 226.5507 0008570 252.6861 107.3041 15.62810182156970
1 48274U 21035A   24027.86767212  .00018506  00000-0  20252-3 0  9994
2 48274  41.4667 226.5507 0008570 252.6861 107.3041 15.62810182156970
1 48274U 21035A   24027.86767212  .00018506  00000-0  20252-3 0  9994
2 48274  41.4667 226.5507 0008570 252.6861 107.3041 15.62810182156970
1 48274U 21035A   24027.86767212  .00018506  00000-0  20252-3 0  9994
2 48274  41.4667 226.5507 0008570 252.6861 107.3041 15.62810182156970
1 48274U 21035A   24027.86767212  .00018506  00000-0  20252-3 0  9994
2 48274  41.4667 226.5507 0008570 252.6861 107.3041 15.62810182156970
1 48274U 21035A   24027.86767212  .00018506  00000-0  20252-3 0  9994
2 48274  41.4667 226.5507 0008570 252.6861 107.3041 15.62810182156970
1 48274U 21035A   24027.86767212  .00018506  00000-0  20252-3 0  9994
2 48274  41.4667 226.5507 0008570 252.6861 107.3041 15.62810182156970
1 48274U 21035A   24027.86767212  .00018506  00000-0  20252-3 0  9994
2 48274  41.4667 226.5507 0008570 252.6861 107.3041 15.62810182156970
1 48274U 21035A   24027.86767212  .00018506  00000-0  20252-3 0  9994
2 48274  41.4667 226.5507 0008570 252.6861 107.3041 15.62810182156970
1 48274U 21035A   24027.86767212  .00018506  00000-0  20252-3 0  9994
2 48274  41.4667 226.5507 0008570 252.6861 107.3041 15.62810182156970
1 48274U 21035A   24027.86767212  .00018506  00000-0  20252-3 0  9994
2 48274  41.4667 226.5507 0008570 252.6861 107.3041 15.62810182156970
1 48274U 21035A   24027.86767212  .00018506  00000-0  20252-3 0  9994
2 48274  41.4667 226.5507 0008570 252.6861 107.3041 15.62810182156970
1 48274U 21035A   24027.86767212  .00018506  00000-0  20252-3 0  9994
2 48274  41.4667 226.5507 0008570 252.6861 107.3041 15.62810182156970
1 48274U 21035A   24027.86767212  .00018506  00000-0  20252-3 0  9994
2 48274  41.4667 226.5507 0008570 252.6861 107.3041 15.62810182156970