1 48274U 21035A   23335.12201445  .00043665  00000-0  46559-3 0  9997
2 48274  41.4695 219.3558 0007749 253.9522 106.0464 15.63125346147935
1 48274U 21035A   23335.37757645  .00041229  00000-0  43963-3 0  9992
2 48274  41.4695 217.7948 0007783 255.4868 104.5108 15.63144255147970
1 48274U 21035A   23335.76091608  .00034653  00000-0  37012-3 0  9996
2 48274  41.4691 215.4540 0007795 257.5008 102.4959 15.63163723148031
1 48274U 21035A   23335.95258382  .00030448  00000-0  32573-3 0  9996
2 48274  41.4690 214.2839 0007796 258.6781 101.3183 15.63171750148068
1 48274U 21035A   23335.95258382  .00030448  00000-0  32573-3 0  9996
2 48274  41.4690 214.2839 0007796 258.6781 101.3183 15.63171750148068
1 48274U 21035A   23336.14425040  .00043616  00000-0  46386-3 0  9993
2 48274  41.4691 213.1130 0007836 259.6537 100.3419 15.63191559148099
1 48274U 21035A   23336.59146610  .00021304  00000-0  22902-3 0  9993
2 48274  41.4691 210.3820 0007926 261.8811  98.1129 15.63201345148169
1 48274U 21035A   23336.71924102  .00019966  00000-0  21486-3 0  9994
2 48274  41.4689 209.6019 0007920 262.4060  97.5881 15.63207629148185
1 48274U 21035A   23336.71924102  .00019966  00000-0  21486-3 0  9994
2 48274  41.4689 209.6019 0007920 262.4060  97.5881 15.63207629148185
1 48274U 21035A   23337.10256304  .00031197  00000-0  33286-3 0  9991
2 48274  41.4703 207.2587 0007853 266.1969  93.7973 15.63229557148241
1 48274U 21035A   23337.29422234  .00013041  00000-0  14163-3 0  9999
2 48274  41.4704 206.0877 0007838 267.6676  92.3266 15.63232647148272
1 48274U 21035A   23337.54976731  .00017000  00000-0  18332-3 0  9994
2 48274  41.4700 204.5274 0007839 269.2201  90.7740 15.63242894148314
1 48274U 21035A   23337.80531107  .00015204  00000-0  16434-3 0  9992
2 48274  41.4694 202.9675 0007885 270.1419  89.8517 15.63249458148354
1 48274U 21035A   23338.06085333  .00015742  00000-0  16996-3 0  9996
2 48274  41.4695 201.4065 0007902 271.5726  88.4209 15.63257819148395
1 48274U 21035A   23338.31639443  .00014845  00000-0  16046-3 0  9990
2 48274  41.4695 199.8457 0007894 272.9221  87.0716 15.63265042148435
1 48274U 21035A   23338.63581839  .00016883  00000-0  18183-3 0  9998
2 48274  41.4695 197.8945 0007888 274.9210  85.0729 15.63278374148487
1 48274U 21035A   23338.82747176  .00016995  00000-0  18296-3 0  9996
2 48274  41.4695 196.7238 0007913 275.7333  84.2605 15.63284559148514
1 48274U 21035A   23338.82747176  .00016995  00000-0  18296-3 0  9996
2 48274  41.4695 196.7238 0007913 275.7333  84.2605 15.63284559148514
1 48274U 21035A   23339.59407754  .00016084  00000-0  17321-3 0  9993
2 48274  41.4693 192.0405 0007923 279.7862  80.2083 15.63309633148639
1 48274U 21035A   23339.59407754  .00016084  00000-0  17321-3 0  9993
2 48274  41.4693 192.0405 0007923 279.7862  80.2083 15.63309633148639
1 48274U 21035A   23340.04125884  .00016209  00000-0  17442-3 0  9999
2 48274  41.4693 189.3089 0007922 282.3768  77.6185 15.63323894148706
1 48274U 21035A   23340.04125884  .00016209  00000-0  17442-3 0  9999
2 48274  41.4693 189.3089 0007922 282.3768  77.6185 15.63323894148706
1 48274U 21035A   23340.80784571  .00014406  00000-0  15534-3 0  9994
2 48274  41.4692 184.6265 0007879 287.2847  72.7131 15.63347302148822
1 48274U 21035A   23340.93560945  .00014045  00000-0  15153-3 0  9991
2 48274  41.4692 183.8461 0007869 288.2626  71.7358 15.63350231148843
1 48274U 21035A   23340.93560945  .00014045  00000-0  15153-3 0  9991
2 48274  41.4692 183.8461 0007869 288.2626  71.7358 15.63350231148843
1 48274U 21035A   23341.44666021  .00012227  00000-0  13237-3 0  9991
2 48274  41.4691 180.7236 0007786 290.1569  69.8433 15.63362991148921
1 48274U 21035A   23341.57442175  .00013445  00000-0  14512-3 0  9997
2 48274  41.4691 179.9432 0007795 291.1330  68.8676 15.63368853148949
1 48274U 21035A   23341.82994505  .00012516  00000-0  13534-3 0  9995
2 48274  41.4692 178.3822 0007795 292.4040  67.5974 15.63374074148981
1 48274U 21035A   23341.95770640  .00012165  00000-0  13165-3 0  9991
2 48274  41.4692 177.6016 0007809 293.0882  66.9134 15.63376731149002
1 48274U 21035A   23342.21322828  .00011062  00000-0  12004-3 0  9998
2 48274  41.4691 176.0406 0007774 294.5330  65.4699 15.63382284149046
1 48274U 21035A   23342.59650812  .00012835  00000-0  13858-3 0  9993
2 48274  41.4690 173.6990 0007757 296.9767  63.0281 15.63395381149107
1 48274U 21035A   23342.78814758  .00012189  00000-0  13179-3 0  9993
2 48274  41.4691 172.5282 0007751 298.1533  61.8524 15.63398985149131
1 48274U 21035A   23342.91590709  .00012402  00000-0  13400-3 0  9990
2 48274  41.4691 171.7481 0007775 299.2649  60.7413 15.63402097149156
1 48274U 21035A   23342.91590709  .00012402  00000-0  13400-3 0  9990
2 48274  41.4691 171.7481 0007775 299.2649  60.7413 15.63402097149156
1 48274U 21035A   23343.42694148  .00012059  00000-0  13034-3 0  9990
2 48274  41.4689 168.6261 0007738 302.7708  57.2386 15.63415377149233
1 48274U 21035A   23343.55469923  .00012153  00000-0  13131-3 0  9998
2 48274  41.4689 167.8455 0007742 303.5337  56.4763 15.63419086149254
1 48274U 21035A   23343.81021449  .00011954  00000-0  12919-3 0  9995
2 48274  41.4689 166.2845 0007751 305.4223  54.5892 15.63424691149299
1 48274U 21035A   23343.87409311  .00011766  00000-0  12722-3 0  9992
2 48274  41.4689 165.8942 0007739 305.7690  54.2430 15.63425950149305
1 48274U 21035A   23343.87409311  .00011766  00000-0  12722-3 0  9992
2 48274  41.4689 165.8942 0007739 305.7690  54.2430 15.63425950149305
1 48274U 21035A   23344.51287571  .00011547  00000-0  12485-3 0  9999
2 48274  41.4686 161.9913 0007661 309.7767  50.2398 15.63442038149406
1 48274U 21035A   23344.57675331  .00011665  00000-0  12608-3 0  9998
2 48274  41.4686 161.6009 0007624 309.6799  50.3368 15.63443954149419
1 48274U 21035A   23344.76838670  .00012106  00000-0  13067-3 0  9997
2 48274  41.4687 160.4301 0007627 310.9653  49.0526 15.63448714149442
1 48274U 21035A   23344.76838670  .00012106  00000-0  13067-3 0  9997
2 48274  41.4687 160.4301 0007627 310.9653  49.0526 15.63448714149442
1 48274U 21035A   23345.15165200  .00011299  00000-0  12218-3 0  9992
2 48274  41.4685 158.0884 0007556 313.6476  46.3736 15.63457204149507
1 48274U 21035A   23345.47103763  .00011604  00000-0  12533-3 0  9993
2 48274  41.4685 156.1371 0007534 315.8569  44.1669 15.63465777149550
1 48274U 21035A   23345.59879131  .00011886  00000-0  12827-3 0  9993
2 48274  41.4685 155.3563 0007516 316.6201  43.4047 15.63469422149571
1 48274U 21035A   23345.79042190  .00011541  00000-0  12464-3 0  9997
2 48274  41.4686 154.1853 0007492 317.6947  42.3314 15.63472612149606
1 48274U 21035A   23345.91817486  .00011418  00000-0  12334-3 0  9998
2 48274  41.4684 153.4044 0007416 318.1987  41.8286 15.63475814149625
1 48274U 21035A   23346.10980424  .00011282  00000-0  12190-3 0  9992
2 48274  41.4685 152.2336 0007367 319.3275  40.7014 15.63480535149651
1 48274U 21035A   23346.49306115  .00012007  00000-0  12943-3 0  9995
2 48274  41.4684 149.8915 0007304 321.8394  38.1928 15.63490999149713
1 48274U 21035A   23346.55693715  .00012958  00000-0  13935-3 0  9994
2 48274  41.4685 149.5014 0007347 322.7601  37.2729 15.63493882149723
1 48274U 21035A   23346.81244033  .00012333  00000-0  13280-3 0  9998
2 48274  41.4688 147.9400 0007340 323.7800  36.2542 15.63498500149760
1 48274U 21035A   23346.87631572  .00014209  00000-0  15237-3 0  9990
2 48274  41.4688 147.5496 0007317 324.0964  35.9383 15.63502468149779
1 48274U 21035A   23347.13181734  .00014487  00000-0  15523-3 0  9996
2 48274  41.4688 145.9883 0007258 325.7748  34.2624 15.63509735149812
1 48274U 21035A   23347.45119275  .00012423  00000-0  13365-3 0  9992
2 48274  41.4689 144.0366 0007211 327.7930  32.2468 15.63516105149861
1 48274U 21035A   23347.45119275  .00012423  00000-0  13365-3 0  9992
2 48274  41.4689 144.0366 0007211 327.7930  32.2468 15.63516105149861
1 48274U 21035A   23347.64281760  .00013893  00000-0  14894-3 0  9992
2 48274  41.4685 142.8660 0007392 330.7045  29.3379 15.63524538149891
1 48274U 21035A   23347.64281760  .00013893  00000-0  14894-3 0  9992
2 48274  41.4685 142.8660 0007392 330.7045  29.3379 15.63524538149891
1 48274U 21035A   23348.08993737  .00023353  00000-0  24738-3 0  9995
2 48274  41.4708 140.1301 0007169 332.5500  27.4961 15.63540206149962
1 48274U 21035A   23348.40930631  .00015881  00000-0  16954-3 0  9993
2 48274  41.4694 138.1806 0006941 333.2476  26.8005 15.63548479150010
1 48274U 21035A   23348.53705364  .00014067  00000-0  15062-3 0  9994
2 48274  41.4691 137.3998 0006953 334.2426  25.8067 15.63550379150030
1 48274U 21035A   23348.66480025  .00014847  00000-0  15873-3 0  9998
2 48274  41.4693 136.6190 0006895 335.0219  25.0287 15.63555056150057
1 48274U 21035A   23348.66480025  .00014847  00000-0  15873-3 0  9998
2 48274  41.4693 136.6190 0006895 335.0219  25.0287 15.63555056150057
1 48274U 21035A   23349.68676272  .00012752  00000-0  13672-3 0  9990
2 48274  41.4696 130.3758 0006833 343.6430  16.4188 15.63587155150210
1 48274U 21035A   23350.51708962  .00016965  00000-0  18034-3 0  9993
2 48274  41.4698 125.3018 0006656 349.2303  10.8393 15.63619836150341
1 48274U 21035A   23350.51708962  .00016965  00000-0  18034-3 0  9993
2 48274  41.4698 125.3018 0006656 349.2303  10.8393 15.63619836150341
1 48274U 21035A   23350.77257182  .00016816  00000-0  17875-3 0  9991
2 48274  41.4700 123.7411 0006549 349.8303  10.2403 15.63627400150387
1 48274U 21035A   23350.77257182  .00016816  00000-0  17875-3 0  9991
2 48274  41.4700 123.7411 0006549 349.8303  10.2403 15.63627400150387
1 48274U 21035A   23351.73061681  .00018952  00000-0  20067-3 0  9995
2 48274  41.4701 117.8845 0006225 356.7429   3.3369 15.63663143150535
1 48274U 21035A   23351.73061681  .00018952  00000-0  20067-3 0  9995
2 48274  41.4701 117.8845 0006225 356.7429   3.3369 15.63663143150535
1 48274U 21035A   23352.30543255  .00019018  00000-0  20117-3 0  9991
2 48274  41.4702 114.3715 0006138   1.2940 358.7915 15.63686629150625
1 48274U 21035A   23352.30543255  .00019018  00000-0  20117-3 0  9991
2 48274  41.4702 114.3715 0006138   1.2940 358.7915 15.63686629150625
1 48274U 21035A   23352.81637324  .00018221  00000-0  19277-3 0  9998
2 48274  41.4702 111.2491 0006136   5.1459 354.9443 15.63705853150702
1 48274U 21035A   23352.81637324  .00018221  00000-0  19277-3 0  9998
2 48274  41.4702 111.2491 0006136   5.1459 354.9443 15.63705853150702
1 48274U 21035A   23353.45503410  .00026683  00000-0  27981-3 0  9999
2 48274  41.4702 107.3462 0005961  10.3238 349.7723 15.63748959150802
1 48274U 21035A   23353.58276422  .00026849  00000-0  28141-3 0  9996
2 48274  41.4701 106.5658 0006031  11.4607 348.6369 15.63758468150822
1 48274U 21035A   23353.64662895  .00026510  00000-0  27787-3 0  9996
2 48274  41.4701 106.1753 0006023  11.9784 348.1198 15.63762901150839
1 48274U 21035A   23354.02981315  .00028899  00000-0  30215-3 0  9992
2 48274  41.4703 103.8326 0005938  15.0026 345.0989 15.63792029150893
1 48274U 21035A   23354.47685265  .00036788  00000-0  38266-3 0  9996
2 48274  41.4702 101.1000 0006024  18.5615 341.5444 15.63830882150966
1 48274U 21035A   23354.54071424  .00037164  00000-0  38643-3 0  9998
2 48274  41.4702 100.7093 0005965  19.0586 341.0476 15.63836402150974
1 48274U 21035A   23354.73229842  .00038341  00000-0  39824-3 0  9998
2 48274  41.4702  99.5380 0005930  20.5600 339.5478 15.63852936151003
1 48274U 21035A   23354.73229842  .00038341  00000-0  39824-3 0  9998
2 48274  41.4702  99.5380 0005930  20.5600 339.5478 15.63852936151003
1 48274U 21035A   23355.37089737  .00043109  00000-0  44602-3 0  9994
2 48274  41.4703  95.6340 0005894  25.7528 334.3605 15.63911741151108
1 48274U 21035A   23355.56247269  .00047852  00000-0  49405-3 0  9996
2 48274  41.4706  94.4629 0005914  26.5846 333.5297 15.63929468151139
1 48274U 21035A   23356.26489549  .00045368  00000-0  46755-3 0  9998
2 48274  41.4707  90.1676 0005741  32.7176 327.4019 15.63994744151243
1 48274U 21035A   23356.26489549  .00045368  00000-0  46755-3 0  9998
2 48274  41.4707  90.1676 0005741  32.7176 327.4019 15.63994744151243
1 48274U 21035A   23356.71187704  .00043226  00000-0  44510-3 0  9994
2 48274  41.4710  87.4341 0005599  36.9308 323.1917 15.64033864151315
1 48274U 21035A   23356.71187704  .00043226  00000-0  44510-3 0  9994
2 48274  41.4710  87.4341 0005599  36.9308 323.1917 15.64033864151315
1 48274U 21035A   23357.28655182  .00041146  00000-0  42316-3 0  9998
2 48274  41.4711  83.9203 0005576  41.6976 318.4288 15.64081887151409
1 48274U 21035A   23357.28655182  .00041146  00000-0  42316-3 0  9998
2 48274  41.4711  83.9203 0005576  41.6976 318.4288 15.64081887151409
1 48274U 21035A   23357.66965787  .00044568  00000-0  45720-3 0  9998
2 48274  41.4712  81.5772 0005600  44.9131 315.2162 15.64118175151465
1 48274U 21035A   23357.66965787  .00044568  00000-0  45720-3 0  9998
2 48274  41.4712  81.5772 0005600  44.9131 315.2162 15.64118175151465
1 48274U 21035A   23358.18045323  .00045157  00000-0  46236-3 0  9999
2 48274  41.4712  78.4531 0005531  49.9737 310.1587 15.64162366151548
1 48274U 21035A   23358.24430173  .00043272  00000-0  44324-3 0  9999
2 48274  41.4712  78.0629 0005526  50.5434 309.5894 15.64166748151550
1 48274U 21035A   23358.24430173  .00043272  00000-0  44324-3 0  9999
2 48274  41.4712  78.0629 0005526  50.5434 309.5894 15.64166748151550
1 48274U 21035A   23358.69126930  .00048227  00000-0  49650-3 0  9993
2 48274  41.4728  75.3272 0006481  46.3045 313.8331 15.63995165151627
1 48274U 21035A   23358.69126930  .00048227  00000-0  49650-3 0  9993
2 48274  41.4728  75.3272 0006481  46.3045 313.8331 15.63995165151627
1 48274U 21035A   23359.13825012  .00047582  00000-0  48918-3 0  9999
2 48274  41.4718  72.5950 0006198  50.9701 309.1690 15.64036679151693
1 48274U 21035A   23359.32980984  .00044634  00000-0  45897-3 0  9998
2 48274  41.4712  71.4254 0006165  53.1479 306.9926 15.64053554151725
1 48274U 21035A   23359.58521953  .00044973  00000-0  46196-3 0  9992
2 48274  41.4713  69.8639 0006185  54.8837 305.2582 15.64077813151760
1 48274U 21035A   23359.64907121  .00045005  00000-0  46217-3 0  9995
2 48274  41.4713  69.4734 0006172  55.8771 304.2654 15.64084110151774
1 48274U 21035A   23359.64907121  .00045005  00000-0  46217-3 0  9995
2 48274  41.4713  69.4734 0006172  55.8771 304.2654 15.64084110151774
1 48274U 21035A   23360.15987773  .00041287  00000-0  42379-3 0  9997
2 48274  41.4714  66.3503 0006133  60.4958 299.6493 15.64125795151853
1 48274U 21035A   23360.47912396  .00043182  00000-0  44245-3 0  9991
2 48274  41.4714  64.3977 0006096  63.9038 296.2429 15.64155750151903
1 48274U 21035A   23360.54297248  .00044460  00000-0  45524-3 0  9992
2 48274  41.4715  64.0069 0006096  64.5856 295.5615 15.64162640151914
1 48274U 21035A   23360.60682076  .00044514  00000-0  45568-3 0  9994
2 48274  41.4715  63.6164 0006085  65.2545 294.8928 15.64168480151924
1 48274U 21035A   23360.86221207  .00041690  00000-0  42681-3 0  9992
2 48274  41.4715  62.0549 0006091  66.8427 293.3054 15.64188584151962
1 48274U 21035A   23361.11759998  .00042395  00000-0  43357-3 0  9998
2 48274  41.4715  60.4928 0006083  69.1835 290.9656 15.64210106152008
1 48274U 21035A   23361.37298372  .00042274  00000-0  43196-3 0  9997
2 48274  41.4716  58.9310 0006050  71.9110 288.2389 15.64232957152042
1 48274U 21035A   23361.56451908  .00044226  00000-0  45129-3 0  9991
2 48274  41.4716  57.7594 0006059  73.5579 286.5927 15.64251922152074
1 48274U 21035A   23361.62836383  .00043068  00000-0  43954-3 0  9999
2 48274  41.4715  57.3689 0006062  74.0460 286.1048 15.64256806152080
1 48274U 21035A   23361.62836383  .00043068  00000-0  43954-3 0  9999
2 48274  41.4715  57.3689 0006062  74.0460 286.1048 15.64256806152080
1 48274U 21035A   23362.13911444  .00039215  00000-0  40013-3 0  9990
2 48274  41.4715  54.2444 0006049  78.5867 281.5652 15.64295168152163
1 48274U 21035A   23362.45832607  .00039913  00000-0  40670-3 0  9992
2 48274  41.4715  52.2916 0006076  81.5540 278.5988 15.64322940152210
1 48274U 21035A   23362.58600926  .00039810  00000-0  40549-3 0  9994
2 48274  41.4714  51.5105 0006076  82.9101 277.2430 15.64333670152231
1 48274U 21035A   23362.58600926  .00039810  00000-0  40549-3 0  9994
2 48274  41.4714  51.5105 0006076  82.9101 277.2430 15.64333670152231
1 48274U 21035A   23363.16057408  .00037269  00000-0  37931-3 0  9997
2 48274  41.4714  47.9953 0006111  87.8699 272.2841 15.64377012152326
1 48274U 21035A   23363.35209203  .00038451  00000-0  39092-3 0  9994
2 48274  41.4713  46.8236 0006132  89.8049 270.3494 15.64392625152354
1 48274U 21035A   23363.54360813  .00039361  00000-0  39979-3 0  9995
2 48274  41.4714  45.6520 0006142  91.1967 268.9577 15.64408559152386
1 48274U 21035A   23363.60744631  .00039333  00000-0  39942-3 0  9995
2 48274  41.4713  45.2614 0006141  91.8382 268.3161 15.64413849152394
1 48274U 21035A   23363.60744631  .00039333  00000-0  39942-3 0  9995
2 48274  41.4713  45.2614 0006141  91.8382 268.3161 15.64413849152394
1 48274U 21035A   23364.11814545  .00039111  00000-0  39659-3 0  9993
2 48274  41.4713  42.1364 0006169  96.8548 263.2994 15.64452176152474
1 48274U 21035A   23364.50116089  .00037321  00000-0  37825-3 0  9998
2 48274  41.4713  39.7930 0006186 100.3763 259.7775 15.64481654152531
1 48274U 21035A   23364.56499604  .00036466  00000-0  36964-3 0  9993
2 48274  41.4713  39.4024 0006187 101.0059 259.1477 15.64486304152540
1 48274U 21035A   23364.56499604  .00036466  00000-0  36964-3 0  9993
2 48274  41.4713  39.4024 0006187 101.0059 259.1477 15.64486304152540
1 48274U 21035A   23364.56499604  .00036466  00000-0  36964-3 0  9993
2 48274  41.4713  39.4024 0006187 101.0059 259.1477 15.64486304152540
1 48274U 21035A   23364.56499604  .00036466  00000-0  36964-3 0  9993
2 48274  41.4713  39.4024 0006187 101.0059 259.1477 15.64486304152540
1 48274U 21035A   23364.56499604  .00036466  00000-0  36964-3 0  9993
2 48274  41.4713  39.4024 0006187 101.0059 259.1477 15.64486304152540
1 48274U 21035A   23364.56499604  .00036466  00000-0  36964-3 0  9993
2 48274  41.4713  39.4024 0006187 101.0059 259.1477 15.64486304152540
1 48274U 21035A   23364.56499604  .00036466  00000-0  36964-3 0  9993
2 48274  41.4713  39.4024 0006187 101.0059 259.1477 15.64486304152540
1 48274U 21035A   23364.56499604  .00036466  00000-0  36964-3 0  9993
2 48274  41.4713  39.4024 0006187 101.0059 259.1477 15.64486304152540
1 48274U 21035A   23364.56499604  .00036466  00000-0  36964-3 0  9993
2 48274  41.4713  39.4024 0006187 101.0059 259.1477 15.64486304152540
1 48274U 21035A   23364.56499604  .00036466  00000-0  36964-3 0  9993
2 48274  41.4713  39.4024 0006187 101.0059 259.1477 15.64486304152540
1 48274U 21035A   23364.56499604  .00036466  00000-0  36964-3 0  9993
2 48274  41.4713  39.4024 0006187 101.0059 259.1477 15.64486304152540
1 48274U 21035A   23364.56499604  .00036466  00000-0  36964-3 0  9993
2 48274  41.4713  39.4024 0006187 101.0059 259.1477 15.64486304152540
1 48274U 21035A   23364.56499604  .00036466  00000-0  36964-3 0  9993
2 48274  41.4713  39.4024 0006187 101.0059 259.1477 15.64486304152540
1 48274U 21035A   23364.56499604  .00036466  00000-0  36964-3 0  9993
2 48274  41.4713  39.4024 0006187 101.0059 259.1477 15.64486304152540
1 48274U 21035A   23364.56499604  .00036466  00000-0  36964-3 0  9993
2 48274  41.4713  39.4024 0006187 101.0059 259.1477 15.64486304152540
1 48274U 21035A   23364.56499604  .00036466  00000-0  36964-3 0  9993
2 48274  41.4713  39.4024 0006187 101.0059 259.1477 15.64486304152540
1 48274U 21035A   23364.56499604  .00036466  00000-0  36964-3 0  9993
2 48274  41.4713  39.4024 0006187 101.0059 259.1477 15.64486304152540
1 48274U 21035A   23364.56499604  .00036466  00000-0  36964-3 0  9993
2 48274  41.4713  39.4024 0006187 101.0059 259.1477 15.64486304152540
1 48274U 21035A   23364.56499604  .00036466  00000-0  36964-3 0  9993
2 48274  41.4713  39.4024 0006187 101.0059 259.1477 15.64486304152540
1 48274U 21035A   23364.56499604  .00036466  00000-0  36964-3 0  9993
2 48274  41.4713  39.4024 0006187 101.0059 259.1477 15.64486304152540
1 48274U 21035A   23364.56499604  .00036466  00000-0  36964-3 0  9993
2 48274  41.4713  39.4024 0006187 101.0059 259.1477 15.64486304152540
1 48274U 21035A   23364.56499604  .00036466  00000-0  36964-3 0  9993
2 48274  41.4713  39.4024 0006187 101.0059 259.1477 15.64486304152540
1 48274U 21035A   23364.56499604  .00036466  00000-0  36964-3 0  9993
2 48274  41.4713  39.4024 0006187 101.0059 259.1477 15.64486304152540
1 48274U 21035A   23364.56499604  .00036466  00000-0  36964-3 0  9993
2 48274  41.4713  39.4024 0006187 101.0059 259.1477 15.64486304152540
1 48274U 21035A   23364.56499604  .00036466  00000-0  36964-3 0  9993
2 48274  41.4713  39.4024 0006187 101.0059 259.1477 15.64486304152540
1 48274U 21035A   23364.56499604  .00036466  00000-0  36964-3 0  9993
2 48274  41.4713  39.4024 0006187 101.0059 259.1477 15.64486304152540
1 48274U 21035A   23364.56499604  .00036466  00000-0  36964-3 0  9993
2 48274  41.4713  39.4024 0006187 101.0059 259.1477 15.64486304152540
1 48274U 21035A   23364.56499604  .00036466  00000-0  36964-3 0  9993
2 48274  41.4713  39.4024 0006187 101.0059 259.1477 15.64486304152540
1 48274U 21035A   23364.56499604  .00036466  00000-0  36964-3 0  9993
2 48274  41.4713  39.4024 0006187 101.0059 259.1477 15.64486304152540
1 48274U 21035A   23364.56499604  .00036466  00000-0  36964-3 0  9993
2 48274  41.4713  39.4024 0006187 101.0059 259.1477 15.64486304152540
1 48274U 21035A   23364.56499604  .00036466  00000-0  36964-3 0  9993
2 48274  41.4713  39.4024 0006187 101.0059 259.1477 15.64486304152540
1 48274U 21035A   23364.56499604  .00036466  00000-0  36964-3 0  9993
2 48274  41.4713  39.4024 0006187 101.0059 259.1477 15.64486304152540
1 48274U 21035A   23364.56499604  .00036466  00000-0  36964-3 0  9993
2 48274  41.4713  39.4024 0006187 101.0059 259.1477 15.64486304152540
1 48274U 21035A   23364.56499604  .00036466  00000-0  36964-3 0  9993
2 48274  41.4713  39.4024 0006187 101.0059 259.1477 15.64486304152540
1 48274U 21035A   23364.56499604  .00036466  00000-0  36964-3 0  9993
2 48274  41.4713  39.4024 0006187 101.0059 259.1477 15.64486304152540
1 48274U 21035A   23364.56499604  .00036466  00000-0  36964-3 0  9993
2 48274  41.4713  39.4024 0006187 101.0059 259.1477 15.64486304152540
1 48274U 21035A   23364.56499604  .00036466  00000-0  36964-3 0  9993
2 48274  41.4713  39.4024 0006187 101.0059 259.1477 15.64486304152540
1 48274U 21035A   23364.56499604  .00036466  00000-0  36964-3 0  9993
2 48274  41.4713  39.4024 0006187 101.0059 259.1477 15.64486304152540
1 48274U 21035A   23364.56499604  .00036466  00000-0  36964-3 0  9993
2 48274  41.4713  39.4024 0006187 101.0059 259.1477 15.64486304152540
1 48274U 21035A   23364.56499604  .00036466  00000-0  36964-3 0  9993
2 48274  41.4713  39.4024 0006187 101.0059 259.1477 15.64486304152540
1 48274U 21035A   23364.56499604  .00036466  00000-0  36964-3 0  9993
2 48274  41.4713  39.4024 0006187 101.0059 259.1477 15.64486304152540
1 48274U 21035A   23364.56499604  .00036466  00000-0  36964-3 0  9993
2 48274  41.4713  39.4024 0006187 101.0059 259.1477 15.64486304152540
1 48274U 21035A   23364.56499604  .00036466  00000-0  36964-3 0  9993
2 48274  41.4713  39.4024 0006187 101.0059 259.1477 15.64486304152540
1 48274U 21035A   23364.56499604  .00036466  00000-0  36964-3 0  9993
2 48274  41.4713  39.4024 0006187 101.0059 259.1477 15.64486304152540
1 48274U 21035A   23364.56499604  .00036466  00000-0  36964-3 0  9993
2 48274  41.4713  39.4024 0006187 101.0059 259.1477 15.64486304152540
1 48274U 21035A   23364.56499604  .00036466  00000-0  36964-3 0  9993
2 48274  41.4713  39.4024 0006187 101.0059 259.1477 15.64486304152540
1 48274U 21035A   23364.56499604  .00036466  00000-0  36964-3 0  9993
2 48274  41.4713  39.4024 0006187 101.0059 259.1477 15.64486304152540
1 48274U 21035A   23364.56499604  .00036466  00000-0  36964-3 0  9993
2 48274  41.4713  39.4024 0006187 101.0059 259.1477 15.64486304152540
1 48274U 21035A   23364.56499604  .00036466  00000-0  36964-3 0  9993
2 48274  41.4713  39.4024 0006187 101.0059 259.1477 15.64486304152540
1 48274U 21035A   23364.56499604  .00036466  00000-0  36964-3 0  9993
2 48274  41.4713  39.4024 0006187 101.0059 259.1477 15.64486304152540
1 48274U 21035A   23364.56499604  .00036466  00000-0  36964-3 0  9993
2 48274  41.4713  39.4024 0006187 101.0059 259.1477 15.64486304152540
1 48274U 21035A   23364.56499604  .00036466  00000-0  36964-3 0  9993
2 48274  41.4713  39.4024 0006187 101.0059 259.1477 15.64486304152540