1 48274U 21035A   23305.00508253  .00035008  00000-0  41294-3 0  9991
2 48274  41.4722  42.9212 0003805  10.2448 349.8467 15.60627641143223
1 48274U 21035A   23305.45303066  .00038490  00000-0  45280-3 0  9992
2 48274  41.4725  40.1950 0003834  14.0598 346.0347 15.60663703143297
1 48274U 21035A   23305.58101400  .00037083  00000-0  43632-3 0  9990
2 48274  41.4725  39.4164 0003817  14.6107 345.4841 15.60672430143310
1 48274U 21035A   23305.70899664  .00036295  00000-0  42702-3 0  9991
2 48274  41.4724  38.6378 0003797  15.5800 344.5155 15.60681669143338
1 48274U 21035A   23305.70899664  .00036295  00000-0  42702-3 0  9991
2 48274  41.4724  38.6378 0003797  15.5800 344.5155 15.60681669143338
1 48274U 21035A   23306.15692913  .00039013  00000-0  45793-3 0  9993
2 48274  41.4725  35.9125 0003745  19.1415 340.9564 15.60717298143404
1 48274U 21035A   23306.54086336  .00038282  00000-0  44895-3 0  9991
2 48274  41.4726  33.5764 0003719  22.7334 337.3669 15.60747342143464
1 48274U 21035A   23306.54086336  .00038282  00000-0  44895-3 0  9991
2 48274  41.4726  33.5764 0003719  22.7334 337.3669 15.60747342143464
1 48274U 21035A   23306.66883984  .00037378  00000-0  43833-3 0  9994
2 48274  41.4726  32.7977 0003709  23.7828 336.3181 15.60756787143482
1 48274U 21035A   23306.92479008  .00036033  00000-0  42246-3 0  9995
2 48274  41.4726  31.2402 0003676  25.7801 334.3220 15.60775768143522
1 48274U 21035A   23307.11675073  .00037906  00000-0  44385-3 0  9993
2 48274  41.4726  30.0719 0003654  27.1395 332.9634 15.60791205143550
1 48274U 21035A   23307.56465130  .00039919  00000-0  46641-3 0  9996
2 48274  41.4727  27.3466 0003607  31.6217 328.4838 15.60829622143629
1 48274U 21035A   23307.62863604  .00041019  00000-0  47897-3 0  9999
2 48274  41.4727  26.9573 0003604  32.1929 327.9130 15.60836202143638
1 48274U 21035A   23307.62863604  .00041019  00000-0  47897-3 0  9999
2 48274  41.4727  26.9573 0003604  32.1929 327.9130 15.60836202143638
1 48274U 21035A   23308.20449044  .00040450  00000-0  47158-3 0  9990
2 48274  41.4727  23.4525 0003528  37.3676 322.7408 15.60882338143720
1 48274U 21035A   23308.39643792  .00040495  00000-0  47180-3 0  9990
2 48274  41.4728  22.2843 0003509  39.3508 320.7586 15.60898563143751
1 48274U 21035A   23308.58838340  .00040391  00000-0  47032-3 0  9997
2 48274  41.4729  21.1160 0003492  41.1165 318.9937 15.60914604143780
1 48274U 21035A   23308.65236466  .00041442  00000-0  48227-3 0  9991
2 48274  41.4728  20.7265 0003482  41.8547 318.2558 15.60921155143792
1 48274U 21035A   23308.65236466  .00041442  00000-0  48227-3 0  9991
2 48274  41.4728  20.7265 0003482  41.8547 318.2558 15.60921155143792
1 48274U 21035A   23309.16420675  .00051267  00000-0  59375-3 0  9997
2 48274  41.4728  17.6109 0003419  46.8679 313.2446 15.60973157143874
1 48274U 21035A   23309.48410009  .00051071  00000-0  59082-3 0  9990
2 48274  41.4728  15.6642 0003435  50.4744 309.6398 15.61003517143922
1 48274U 21035A   23309.61205504  .00046915  00000-0  54311-3 0  9998
2 48274  41.4727  14.8852 0003428  51.6994 308.4153 15.61014560143945
1 48274U 21035A   23309.61205504  .00046915  00000-0  54311-3 0  9998
2 48274  41.4727  14.8852 0003428  51.6994 308.4153 15.61014560143945
1 48274U 21035A   23310.12386029  .00073972  00000-0  84841-3 0  9992
2 48274  41.4727  11.7702 0003423  57.1403 302.9765 15.61099867144027
1 48274U 21035A   23310.50769843  .00064443  00000-0  73922-3 0  9994
2 48274  41.4728   9.4327 0003313  62.1521 297.9653 15.61144835144081
1 48274U 21035A   23310.57167082  .00065199  00000-0  74761-3 0  9999
2 48274  41.4727   9.0433 0003319  63.0418 297.0760 15.61150690144092
1 48274U 21035A   23310.63564247  .00064939  00000-0  74441-3 0  9996
2 48274  41.4727   8.6540 0003331  64.0179 296.1002 15.61159612144109
1 48274U 21035A   23310.63564247  .00064939  00000-0  74441-3 0  9996
2 48274  41.4727   8.6540 0003331  64.0179 296.1002 15.61159612144109
1 48274U 21035A   23311.14740631  .00050439  00000-0  57898-3 0  9993
2 48274  41.4728   5.5384 0003320  67.1188 293.0001 15.61210019144186
1 48274U 21035A   23311.46724963  .00053341  00000-0  61112-3 0  9997
2 48274  41.4729   3.5904 0003276  71.4783 288.6411 15.61241157144230
1 48274U 21035A   23311.59518546  .00042425  00000-0  48735-3 0  9996
2 48274  41.4727   2.8115 0003283  73.6730 286.4470 15.61250034144255
1 48274U 21035A   23311.59518546  .00042425  00000-0  48735-3 0  9996
2 48274  41.4727   2.8115 0003283  73.6730 286.4470 15.61250034144255
1 48274U 21035A   23312.10691934  .00044760  00000-0  51287-3 0  9997
2 48274  41.4727 359.6949 0003295  77.7325 282.3882 15.61297248144330
1 48274U 21035A   23312.49070946  .00045973  00000-0  52584-3 0  9991
2 48274  41.4727 357.3579 0003330  82.0051 278.1166 15.61333904144393
1 48274U 21035A   23312.55467328  .00048054  00000-0  54915-3 0  9995
2 48274  41.4727 356.9683 0003331  82.7111 277.4107 15.61342266144409
1 48274U 21035A   23312.81052817  .00042332  00000-0  48423-3 0  9997
2 48274  41.4726 355.4100 0003318  85.6074 274.5144 15.61359881144445
1 48274U 21035A   23312.81052817  .00042332  00000-0  48423-3 0  9997
2 48274  41.4726 355.4100 0003318  85.6074 274.5144 15.61359881144445
1 48274U 21035A   23313.19430374  .00042518  00000-0  48572-3 0  9998
2 48274  41.4726 353.0724 0003347  90.0523 270.0700 15.61392445144501
1 48274U 21035A   23313.51411068  .00041729  00000-0  47634-3 0  9994
2 48274  41.4725 351.1245 0003373  92.7596 267.3630 15.61418573144552
1 48274U 21035A   23313.57807141  .00040100  00000-0  45792-3 0  9996
2 48274  41.4726 350.7350 0003369  93.3189 266.8035 15.61422879144563
1 48274U 21035A   23313.64203189  .00039640  00000-0  45264-3 0  9997
2 48274  41.4725 350.3454 0003367  93.8509 266.2715 15.61428079144570
1 48274U 21035A   23313.76995233  .00039167  00000-0  44715-3 0  9992
2 48274  41.4725 349.5663 0003368  95.1784 264.9440 15.61437700144596
1 48274U 21035A   23313.76995233  .00039167  00000-0  44715-3 0  9992
2 48274  41.4725 349.5663 0003368  95.1784 264.9440 15.61437700144596
1 48274U 21035A   23314.15370958  .00039089  00000-0  44578-3 0  9997
2 48274  41.4724 347.2287 0003382  99.7222 260.3999 15.61466160144653
1 48274U 21035A   23314.47350110  .00038423  00000-0  43787-3 0  9992
2 48274  41.4724 345.2807 0003411 103.3624 256.7595 15.61491004144702
1 48274U 21035A   23314.53745873  .00038222  00000-0  43552-3 0  9990
2 48274  41.4723 344.8912 0003408 103.8670 256.2548 15.61496248144714
1 48274U 21035A   23314.79328758  .00036782  00000-0  41903-3 0  9994
2 48274  41.4724 343.3327 0003445 107.3702 252.7514 15.61514570144752
1 48274U 21035A   23314.79328758  .00036782  00000-0  41903-3 0  9994
2 48274  41.4724 343.3327 0003445 107.3702 252.7514 15.61514570144752
1 48274U 21035A   23315.11306981  .00034977  00000-0  39841-3 0  9997
2 48274  41.4723 341.3844 0003490 110.8416 249.2797 15.61536196144802
1 48274U 21035A   23315.43284685  .00035301  00000-0  40167-3 0  9993
2 48274  41.4723 339.4361 0003544 113.7472 246.3739 15.61560327144850
1 48274U 21035A   23315.49680171  .00035028  00000-0  39854-3 0  9996
2 48274  41.4723 339.0464 0003548 114.3860 245.7349 15.61564866144865
1 48274U 21035A   23315.81657345  .00035347  00000-0  40177-3 0  9993
2 48274  41.4722 337.0982 0003599 117.6818 242.4386 15.61586952144913
1 48274U 21035A   23315.94448086  .00034007  00000-0  38664-3 0  9997
2 48274  41.4722 336.3189 0003616 119.0676 241.0526 15.61594543144930
1 48274U 21035A   23316.13634103  .00032740  00000-0  37226-3 0  9991
2 48274  41.4722 335.1500 0003658 121.1113 239.0086 15.61606703144963
1 48274U 21035A   23316.32819935  .00032888  00000-0  37372-3 0  9995
2 48274  41.4721 333.9811 0003698 122.6552 237.4644 15.61619869144992
1 48274U 21035A   23316.32819935  .00032888  00000-0  37372-3 0  9995
2 48274  41.4721 333.9811 0003698 122.6552 237.4644 15.61619869144992
1 48274U 21035A   23316.77586224  .00038167  00000-0  43222-3 0  9993
2 48274  41.4722 331.2535 0003763 126.8842 233.2342 15.61654338145066
1 48274U 21035A   23316.77586224  .00038167  00000-0  43222-3 0  9993
2 48274  41.4722 331.2535 0003763 126.8842 233.2342 15.61654338145066
1 48274U 21035A   23317.03166566  .00035837  00000-0  40594-3 0  9996
2 48274  41.4721 329.6949 0003794 129.3935 230.7241 15.61670312145105
1 48274U 21035A   23317.47931405  .00037342  00000-0  42218-3 0  9994
2 48274  41.4721 326.9671 0003886 133.5282 226.5880 15.61704451145172
1 48274U 21035A   23317.47931405  .00037342  00000-0  42218-3 0  9994
2 48274  41.4721 326.9671 0003886 133.5282 226.5880 15.61704451145172
1 48274U 21035A   23317.60721189  .00032832  00000-0  37178-3 0  9993
2 48274  41.4719 326.1873 0003924 135.0248 225.0909 15.61710367145198
1 48274U 21035A   23317.92695255  .00037668  00000-0  42527-3 0  9998
2 48274  41.4720 324.2388 0004012 138.6240 221.4903 15.61736942145247
1 48274U 21035A   23318.11879531  .00034300  00000-0  38758-3 0  9992
2 48274  41.4719 323.0696 0004070 140.3968 219.7169 15.61748107145278
1 48274U 21035A   23318.43852896  .00031419  00000-0  35519-3 0  9992
2 48274  41.4720 321.1212 0004166 143.8156 216.2965 15.61768864145320
1 48274U 21035A   23318.43852896  .00031419  00000-0  35519-3 0  9992
2 48274  41.4720 321.1212 0004166 143.8156 216.2965 15.61768864145320
1 48274U 21035A   23318.88614901  .00033923  00000-0  38261-3 0  9993
2 48274  41.4721 318.3929 0004244 147.9161 212.1937 15.61799567145397
1 48274U 21035A   23319.14192796  .00034411  00000-0  38775-3 0  9999
2 48274  41.4720 316.8340 0004319 150.1207 209.9879 15.61817913145436
1 48274U 21035A   23319.39770403  .00032072  00000-0  36153-3 0  9992
2 48274  41.4720 315.2749 0004421 152.0759 208.0318 15.61833935145473
1 48274U 21035A   23319.39770403  .00032072  00000-0  36153-3 0  9992
2 48274  41.4720 315.2749 0004421 152.0759 208.0318 15.61833935145473
1 48274U 21035A   23319.71742034  .00032009  00000-0  36054-3 0  9997
2 48274  41.4721 313.3262 0004469 154.7146 205.3912 15.61854740145527
1 48274U 21035A   23319.90924799  .00035792  00000-0  40226-3 0  9996
2 48274  41.4722 312.1575 0004416 155.5781 204.5269 15.61870634145557
1 48274U 21035A   23320.10107429  .00035738  00000-0  40145-3 0  9993
2 48274  41.4721 310.9881 0004518 156.9380 203.1663 15.61883430145589
1 48274U 21035A   23320.42078128  .00030838  00000-0  34691-3 0  9996
2 48274  41.4721 309.0395 0004574 159.7496 200.3525 15.61900624145636
1 48274U 21035A   23320.42078128  .00030838  00000-0  34691-3 0  9996
2 48274  41.4721 309.0395 0004574 159.7496 200.3525 15.61900624145636
1 48274U 21035A   23320.67654374  .00029342  00000-0  33014-3 0  9992
2 48274  41.4721 307.4804 0004615 161.5138 198.5870 15.61915819145670
1 48274U 21035A   23320.86836409  .00031473  00000-0  35356-3 0  9993
2 48274  41.4721 306.3112 0004641 163.0502 197.0493 15.61928393145701
1 48274U 21035A   23321.12412253  .00028650  00000-0  32214-3 0  9993
2 48274  41.4721 304.7522 0004708 165.0923 195.0056 15.61941639145746
1 48274U 21035A   23321.37987802  .00027720  00000-0  31165-3 0  9998
2 48274  41.4721 303.1940 0004796 167.0758 193.0205 15.61957181145785
1 48274U 21035A   23321.37987802  .00027720  00000-0  31165-3 0  9998
2 48274  41.4721 303.1940 0004796 167.0758 193.0205 15.61957181145785
1 48274U 21035A   23321.82744538  .00027456  00000-0  30845-3 0  9995
2 48274  41.4720 300.4652 0004959 170.7405 189.3527 15.61980011145856
1 48274U 21035A   23321.95532016  .00028254  00000-0  31716-3 0  9990
2 48274  41.4719 299.6858 0005001 171.4201 188.6724 15.61988926145878
1 48274U 21035A   23321.95532016  .00028254  00000-0  31716-3 0  9990
2 48274  41.4719 299.6858 0005001 171.4201 188.6724 15.61988926145878
1 48274U 21035A   23322.40287822  .00025238  00000-0  28356-3 0  9998
2 48274  41.4719 296.9578 0005059 174.8461 185.2431 15.62011728145949
1 48274U 21035A   23322.59468668  .00027000  00000-0  30289-3 0  9994
2 48274  41.4720 295.7880 0005136 176.3867 183.7011 15.62022775145971
1 48274U 21035A   23322.65862254  .00027774  00000-0  31139-3 0  9993
2 48274  41.4720 295.3982 0005169 176.8466 183.2407 15.62026421145983
1 48274U 21035A   23322.91436471  .00026586  00000-0  29812-3 0  9995
2 48274  41.4719 293.8393 0005256 178.4597 181.6259 15.62039376146026
1 48274U 21035A   23323.17010451  .00025754  00000-0  28879-3 0  9998
2 48274  41.4718 292.2808 0005272 180.1707 179.9131 15.62053255146065
1 48274U 21035A   23323.36190803  .00026460  00000-0  29645-3 0  9996
2 48274  41.4717 291.1113 0005287 181.8229 178.2592 15.62063869146092
1 48274U 21035A   23323.55371017  .00027815  00000-0  31124-3 0  9995
2 48274  41.4716 289.9414 0005364 183.4250 176.6554 15.62074597146122
1 48274U 21035A   23323.80944404  .00030458  00000-0  34012-3 0  9995
2 48274  41.4715 288.3821 0005451 185.1239 174.9545 15.62090386146168
1 48274U 21035A   23323.93731021  .00025974  00000-0  29073-3 0  9996
2 48274  41.4715 287.6027 0005476 185.7778 174.2999 15.62094955146183
1 48274U 21035A   23324.06517574  .00025914  00000-0  28998-3 0  9995
2 48274  41.4715 286.8234 0005470 186.5553 173.5216 15.62102377146203
1 48274U 21035A   23324.32090422  .00029043  00000-0  32417-3 0  9990
2 48274  41.4713 285.2639 0005534 188.4107 171.6641 15.62120953146245
1 48274U 21035A   23324.32090422  .00029043  00000-0  32417-3 0  9990
2 48274  41.4713 285.2639 0005534 188.4107 171.6641 15.62120953146245
1 48274U 21035A   23324.89628510  .00030929  00000-0  34439-3 0  9998
2 48274  41.4711 281.7549 0005734 192.1267 167.9435 15.62156395146333
1 48274U 21035A   23325.15200504  .00031926  00000-0  35508-3 0  9993
2 48274  41.4712 280.1953 0005736 194.0563 166.0117 15.62174308146373
1 48274U 21035A   23325.34379305  .00031593  00000-0  35124-3 0  9994
2 48274  41.4711 279.0258 0005780 195.3768 164.6896 15.62187808146408
1 48274U 21035A   23325.34379305  .00031593  00000-0  35124-3 0  9994
2 48274  41.4711 279.0258 0005780 195.3768 164.6896 15.62187808146408
1 48274U 21035A   23325.91914710  .00039215  00000-0  43385-3 0  9999
2 48274  41.4711 275.5168 0005928 199.3225 160.7390 15.62233831146498
1 48274U 21035A   23326.04700128  .00040795  00000-0  45089-3 0  9998
2 48274  41.4710 274.7371 0005967 199.9856 160.0751 15.62244748146519
1 48274U 21035A   23326.49448275  .00042564  00000-0  46942-3 0  9994
2 48274  41.4709 272.0080 0006085 202.7321 157.3250 15.62285276146588
1 48274U 21035A   23326.49448275  .00042564  00000-0  46942-3 0  9994
2 48274  41.4709 272.0080 0006085 202.7321 157.3250 15.62285276146588
1 48274U 21035A   23327.13371882  .00051657  00000-0  56664-3 0  9990
2 48274  41.4711 268.1088 0006332 206.4702 153.5815 15.62355868146685
1 48274U 21035A   23327.26156344  .00045233  00000-0  49690-3 0  9992
2 48274  41.4709 267.3289 0006319 207.4083 152.6424 15.62363440146708
1 48274U 21035A   23327.26156344  .00045233  00000-0  49690-3 0  9992
2 48274  41.4709 267.3289 0006319 207.4083 152.6424 15.62363440146708
1 48274U 21035A   23327.83685018  .00042926  00000-0  47090-3 0  9998
2 48274  41.4710 263.8193 0006407 211.2316 148.8143 15.62416466146796
1 48274U 21035A   23327.90076945  .00043938  00000-0  48171-3 0  9994
2 48274  41.4710 263.4295 0006407 211.7041 148.3413 15.62424163146805
1 48274U 21035A   23328.02860787  .00043524  00000-0  47701-3 0  9992
2 48274  41.4711 262.6498 0006474 212.6196 147.4244 15.62435382146826
1 48274U 21035A   23328.28428167  .00043889  00000-0  48049-3 0  9992
2 48274  41.4711 261.0900 0006539 214.0607 145.9813 15.62459623146865
1 48274U 21035A   23328.28428167  .00043889  00000-0  48049-3 0  9992
2 48274  41.4711 261.0900 0006539 214.0607 145.9813 15.62459623146865
1 48274U 21035A   23328.79561867  .00044633  00000-0  48765-3 0  9996
2 48274  41.4713 257.9702 0006662 217.3204 142.7174 15.62504494146948
1 48274U 21035A   23328.92345033  .00049082  00000-0  53526-3 0  9990
2 48274  41.4713 257.1906 0006624 218.0236 142.0136 15.62520583146967
1 48274U 21035A   23329.05128162  .00045782  00000-0  49957-3 0  9993
2 48274  41.4713 256.4107 0006696 218.6599 141.3762 15.62528246146982
1 48274U 21035A   23329.24302562  .00050763  00000-0  55267-3 0  9998
2 48274  41.4713 255.2408 0006730 219.8029 140.2317 15.62551046147016
1 48274U 21035A   23329.81824391  .00053970  00000-0  58573-3 0  9996
2 48274  41.4713 251.7309 0006812 223.2590 136.7715 15.62610999147105
1 48274U 21035A   23330.00997640  .00078999  00000-0  85170-3 0  9998
2 48274  41.4713 250.5611 0006940 224.0150 136.0137 15.62648445147132
1 48274U 21035A   23330.26561697  .00046475  00000-0  50427-3 0  9996
2 48274  41.4712 249.0017 0006989 225.3997 134.6273 15.62665909147173
1 48274U 21035A   23330.26561697  .00046475  00000-0  50427-3 0  9996
2 48274  41.4712 249.0017 0006989 225.3997 134.6273 15.62665909147173
1 48274U 21035A   23330.84079062  .00037799  00000-0  41030-3 0  9999
2 48274  41.4713 245.4918 0007082 229.6672 130.3549 15.62725897147268
1 48274U 21035A   23330.90469717  .00034407  00000-0  37389-3 0  9991
2 48274  41.4713 245.1017 0007114 229.9529 130.0687 15.62731798147273
1 48274U 21035A   23331.12154438  .00053650  00000-0  57881-3 0  9997
2 48274  41.4727 243.7750 0007383 229.5726 272.0074 15.62759871147302
1 48274U 21035A   23331.16032252  .00041701  00000-0  45154-3 0  9994
2 48274  41.4711 243.5416 0007184 230.9973 129.0227 15.62753970147317
1 48274U 21035A   23331.22422813  .00039981  00000-0  43307-3 0  9992
2 48274  41.4711 243.1516 0007104 232.0211 127.9987 15.62759935147322
1 48274U 21035A   23331.22422813  .00039981  00000-0  43307-3 0  9992
2 48274  41.4711 243.1516 0007104 232.0211 127.9987 15.62759935147322
1 48274U 21035A   23331.79936881  .00044386  00000-0  47906-3 0  9993
2 48274  41.4709 239.6409 0007225 235.1140 124.9020 15.62814960147414
1 48274U 21035A   23331.92717513  .00046568  00000-0  50202-3 0  9994
2 48274  41.4709 238.8612 0007214 236.1125 123.9029 15.62828694147432
1 48274U 21035A   23332.11888294  .00044641  00000-0  48120-3 0  9997
2 48274  41.4708 237.6908 0007267 236.8587 123.1555 15.62844779147464
1 48274U 21035A   23332.18278487  .00045516  00000-0  49037-3 0  9991
2 48274  41.4708 237.3007 0007279 237.2597 122.7541 15.62851834147471
1 48274U 21035A   23332.18278487  .00045516  00000-0  49037-3 0  9991
2 48274  41.4708 237.3007 0007279 237.2597 122.7541 15.62851834147471
1 48274U 21035A   23332.82179213  .00046192  00000-0  49636-3 0  9995
2 48274  41.4705 233.3998 0007403 240.7055 119.3045 15.62911948147575
1 48274U 21035A   23332.82179213  .00046192  00000-0  49636-3 0  9995
2 48274  41.4705 233.3998 0007403 240.7055 119.3045 15.62911948147575
1 48274U 21035A   23333.14128675  .00045623  00000-0  48976-3 0  9991
2 48274  41.4703 231.4495 0007434 242.6904 117.3179 15.62941526147629
1 48274U 21035A   23333.39687758  .00044404  00000-0  47639-3 0  9991
2 48274  41.4702 229.8890 0007502 243.9025 116.1043 15.62964937147664
1 48274U 21035A   23333.39687758  .00044404  00000-0  47639-3 0  9991
2 48274  41.4702 229.8890 0007502 243.9025 116.1043 15.62964937147664
1 48274U 21035A   23333.71636066  .00047203  00000-0  50535-3 0  9992
2 48274  41.4701 227.9386 0007626 245.8261 114.1781 15.62997069147717
1 48274U 21035A   23333.71636066  .00047203  00000-0  50535-3 0  9992
2 48274  41.4701 227.9386 0007626 245.8261 114.1781 15.62997069147717
1 48274U 21035A   23333.71636066  .00047203  00000-0  50535-3 0  9992
2 48274  41.4701 227.9386 0007626 245.8261 114.1781 15.62997069147717
1 48274U 21035A   23333.71636066  .00047203  00000-0  50535-3 0  9992
2 48274  41.4701 227.9386 0007626 245.8261 114.1781 15.62997069147717
1 48274U 21035A   23333.71636066  .00047203  00000-0  50535-3 0  9992
2 48274  41.4701 227.9386 0007626 245.8261 114.1781 15.62997069147717
1 48274U 21035A   23333.71636066  .00047203  00000-0  50535-3 0  9992
2 48274  41.4701 227.9386 0007626 245.8261 114.1781 15.62997069147717
1 48274U 21035A   23333.71636066  .00047203  00000-0  50535-3 0  9992
2 48274  41.4701 227.9386 0007626 245.8261 114.1781 15.62997069147717
1 48274U 21035A   23333.71636066  .00047203  00000-0  50535-3 0  9992
2 48274  41.4701 227.9386 0007626 245.8261 114.1781 15.62997069147717
1 48274U 21035A   23333.71636066  .00047203  00000-0  50535-3 0  9992
2 48274  41.4701 227.9386 0007626 245.8261 114.1781 15.62997069147717
1 48274U 21035A   23333.71636066  .00047203  00000-0  50535-3 0  9992
2 48274  41.4701 227.9386 0007626 245.8261 114.1781 15.62997069147717
1 48274U 21035A   23333.71636066  .00047203  00000-0  50535-3 0  9992
2 48274  41.4701 227.9386 0007626 245.8261 114.1781 15.62997069147717
1 48274U 21035A   23333.71636066  .00047203  00000-0  50535-3 0  9992
2 48274  41.4701 227.9386 0007626 245.8261 114.1781 15.62997069147717
1 48274U 21035A   23333.71636066  .00047203  00000-0  50535-3 0  9992
2 48274  41.4701 227.9386 0007626 245.8261 114.1781 15.62997069147717
1 48274U 21035A   23333.71636066  .00047203  00000-0  50535-3 0  9992
2 48274  41.4701 227.9386 0007626 245.8261 114.1781 15.62997069147717
1 48274U 21035A   23333.71636066  .00047203  00000-0  50535-3 0  9992
2 48274  41.4701 227.9386 0007626 245.8261 114.1781 15.62997069147717
1 48274U 21035A   23333.71636066  .00047203  00000-0  50535-3 0  9992
2 48274  41.4701 227.9386 0007626 245.8261 114.1781 15.62997069147717
1 48274U 21035A   23333.71636066  .00047203  00000-0  50535-3 0  9992
2 48274  41.4701 227.9386 0007626 245.8261 114.1781 15.62997069147717
1 48274U 21035A   23333.71636066  .00047203  00000-0  50535-3 0  9992
2 48274  41.4701 227.9386 0007626 245.8261 114.1781 15.62997069147717
1 48274U 21035A   23333.71636066  .00047203  00000-0  50535-3 0  9992
2 48274  41.4701 227.9386 0007626 245.8261 114.1781 15.62997069147717
1 48274U 21035A   23333.71636066  .00047203  00000-0  50535-3 0  9992
2 48274  41.4701 227.9386 0007626 245.8261 114.1781 15.62997069147717
1 48274U 21035A   23333.71636066  .00047203  00000-0  50535-3 0  9992
2 48274  41.4701 227.9386 0007626 245.8261 114.1781 15.62997069147717
1 48274U 21035A   23333.71636066  .00047203  00000-0  50535-3 0  9992
2 48274  41.4701 227.9386 0007626 245.8261 114.1781 15.62997069147717
1 48274U 21035A   23333.71636066  .00047203  00000-0  50535-3 0  9992
2 48274  41.4701 227.9386 0007626 245.8261 114.1781 15.62997069147717
1 48274U 21035A   23333.71636066  .00047203  00000-0  50535-3 0  9992
2 48274  41.4701 227.9386 0007626 245.8261 114.1781 15.62997069147717
1 48274U 21035A   23333.71636066  .00047203  00000-0  50535-3 0  9992
2 48274  41.4701 227.9386 0007626 245.8261 114.1781 15.62997069147717
1 48274U 21035A   23333.71636066  .00047203  00000-0  50535-3 0  9992
2 48274  41.4701 227.9386 0007626 245.8261 114.1781 15.62997069147717
1 48274U 21035A   23333.71636066  .00047203  00000-0  50535-3 0  9992
2 48274  41.4701 227.9386 0007626 245.8261 114.1781 15.62997069147717
1 48274U 21035A   23333.71636066  .00047203  00000-0  50535-3 0  9992
2 48274  41.4701 227.9386 0007626 245.8261 114.1781 15.62997069147717
1 48274U 21035A   23333.71636066  .00047203  00000-0  50535-3 0  9992
2 48274  41.4701 227.9386 0007626 245.8261 114.1781 15.62997069147717
1 48274U 21035A   23333.71636066  .00047203  00000-0  50535-3 0  9992
2 48274  41.4701 227.9386 0007626 245.8261 114.1781 15.62997069147717
1 48274U 21035A   23333.71636066  .00047203  00000-0  50535-3 0  9992
2 48274  41.4701 227.9386 0007626 245.8261 114.1781 15.62997069147717
1 48274U 21035A   23333.71636066  .00047203  00000-0  50535-3 0  9992
2 48274  41.4701 227.9386 0007626 245.8261 114.1781 15.62997069147717
1 48274U 21035A   23333.71636066  .00047203  00000-0  50535-3 0  9992
2 48274  41.4701 227.9386 0007626 245.8261 114.1781 15.62997069147717
1 48274U 21035A   23333.71636066  .00047203  00000-0  50535-3 0  9992
2 48274  41.4701 227.9386 0007626 245.8261 114.1781 15.62997069147717
1 48274U 21035A   23333.71636066  .00047203  00000-0  50535-3 0  9992
2 48274  41.4701 227.9386 0007626 245.8261 114.1781 15.62997069147717
1 48274U 21035A   23333.71636066  .00047203  00000-0  50535-3 0  9992
2 48274  41.4701 227.9386 0007626 245.8261 114.1781 15.62997069147717
1 48274U 21035A   23333.71636066  .00047203  00000-0  50535-3 0  9992
2 48274  41.4701 227.9386 0007626 245.8261 114.1781 15.62997069147717
1 48274U 21035A   23333.71636066  .00047203  00000-0  50535-3 0  9992
2 48274  41.4701 227.9386 0007626 245.8261 114.1781 15.62997069147717
1 48274U 21035A   23333.71636066  .00047203  00000-0  50535-3 0  9992
2 48274  41.4701 227.9386 0007626 245.8261 114.1781 15.62997069147717
1 48274U 21035A   23333.71636066  .00047203  00000-0  50535-3 0  9992
2 48274  41.4701 227.9386 0007626 245.8261 114.1781 15.62997069147717
1 48274U 21035A   23333.71636066  .00047203  00000-0  50535-3 0  9992
2 48274  41.4701 227.9386 0007626 245.8261 114.1781 15.62997069147717
1 48274U 21035A   23333.71636066  .00047203  00000-0  50535-3 0  9992
2 48274  41.4701 227.9386 0007626 245.8261 114.1781 15.62997069147717
1 48274U 21035A   23333.71636066  .00047203  00000-0  50535-3 0  9992
2 48274  41.4701 227.9386 0007626 245.8261 114.1781 15.62997069147717
1 48274U 21035A   23333.71636066  .00047203  00000-0  50535-3 0  9992
2 48274  41.4701 227.9386 0007626 245.8261 114.1781 15.62997069147717
1 48274U 21035A   23333.71636066  .00047203  00000-0  50535-3 0  9992
2 48274  41.4701 227.9386 0007626 245.8261 114.1781 15.62997069147717
1 48274U 21035A   23333.71636066  .00047203  00000-0  50535-3 0  9992
2 48274  41.4701 227.9386 0007626 245.8261 114.1781 15.62997069147717
1 48274U 21035A   23333.71636066  .00047203  00000-0  50535-3 0  9992
2 48274  41.4701 227.9386 0007626 245.8261 114.1781 15.62997069147717
1 48274U 21035A   23333.71636066  .00047203  00000-0  50535-3 0  9992
2 48274  41.4701 227.9386 0007626 245.8261 114.1781 15.62997069147717
1 48274U 21035A   23333.71636066  .00047203  00000-0  50535-3 0  9992
2 48274  41.4701 227.9386 0007626 245.8261 114.1781 15.62997069147717
1 48274U 21035A   23333.71636066  .00047203  00000-0  50535-3 0  9992
2 48274  41.4701 227.9386 0007626 245.8261 114.1781 15.62997069147717
1 48274U 21035A   23333.71636066  .00047203  00000-0  50535-3 0  9992
2 48274  41.4701 227.9386 0007626 245.8261 114.1781 15.62997069147717
1 48274U 21035A   23333.71636066  .00047203  00000-0  50535-3 0  9992
2 48274  41.4701 227.9386 0007626 245.8261 114.1781 15.62997069147717
1 48274U 21035A   23333.71636066  .00047203  00000-0  50535-3 0  9992
2 48274  41.4701 227.9386 0007626 245.8261 114.1781 15.62997069147717
1 48274U 21035A   23333.71636066  .00047203  00000-0  50535-3 0  9992
2 48274  41.4701 227.9386 0007626 245.8261 114.1781 15.62997069147717
1 48274U 21035A   23333.71636066  .00047203  00000-0  50535-3 0  9992
2 48274  41.4701 227.9386 0007626 245.8261 114.1781 15.62997069147717
1 48274U 21035A   23333.71636066  .00047203  00000-0  50535-3 0  9992
2 48274  41.4701 227.9386 0007626 245.8261 114.1781 15.62997069147717
1 48274U 21035A   23333.71636066  .00047203  00000-0  50535-3 0  9992
2 48274  41.4701 227.9386 0007626 245.8261 114.1781 15.62997069147717
1 48274U 21035A   23333.71636066  .00047203  00000-0  50535-3 0  9992
2 48274  41.4701 227.9386 0007626 245.8261 114.1781 15.62997069147717
1 48274U 21035A   23333.71636066  .00047203  00000-0  50535-3 0  9992
2 48274  41.4701 227.9386 0007626 245.8261 114.1781 15.62997069147717
1 48274U 21035A   23333.71636066  .00047203  00000-0  50535-3 0  9992
2 48274  41.4701 227.9386 0007626 245.8261 114.1781 15.62997069147717
1 48274U 21035A   23333.71636066  .00047203  00000-0  50535-3 0  9992
2 48274  41.4701 227.9386 0007626 245.8261 114.1781 15.62997069147717