1 25544U 98067A   24001.01267188  .00016541  00000-0  29758-3 0  9991
2 25544  51.6422  68.6294 0003347 343.4617  78.0593 15.49961425432470
1 25544U 98067A   24001.19509446  .00016136  00000-0  29045-3 0  9995
2 25544  51.6400  67.7274 0003472 339.1814  20.9033 15.49966131432502
1 25544U 98067A   24001.38851907  .00015930  00000-0  28679-3 0  9991
2 25544  51.6401  66.7692 0003475 340.1680  19.9173 15.49972122432535
1 25544U 98067A   24001.60933343  .00046304  00000-0  81463-3 0  9990
2 25544  51.6411  65.6708 0003561 343.1842 169.8453 15.49993638432565
1 25544U 98067A   24001.66506447  .00052203  00000-0  91650-3 0  9991
2 25544  51.6444  65.4073 0003179 343.4458 120.7618 15.50002034432578
1 25544U 98067A   24001.79458513  .00031758  00000-0  56216-3 0  9996
2 25544  51.6442  64.7661 0003097 339.9636 127.4438 15.50000501432591
1 25544U 98067A   24002.17145219  .00013825  00000-0  24980-3 0  9993
2 25544  51.6434  62.8945 0003794 348.8765  62.8164 15.49996080432651
1 25544U 98067A   24002.37126874  .00003589  00000-0  70848-4 0  9992
2 25544  51.6435  61.9105 0003279 345.0157 102.3861 15.49993229432681
1 25544U 98067A   24002.42010290  .00016518  00000-0  29671-3 0  9995
2 25544  51.6403  61.6579 0003378 343.5198  16.5681 15.50006585432695
1 25544U 98067A   24002.54904967  .00013007  00000-0  23544-3 0  9994
2 25544  51.6401  61.0194 0003432 343.9537  16.1342 15.50006688432708
1 25544U 98067A   24002.57542584  .00017158  00000-0  30777-3 0  9997
2 25544  51.6439  60.8900 0003210 345.8136 161.5649 15.50015879432719
1 25544U 98067A   24002.61352318  .00015300  00000-0  27541-3 0  9998
2 25544  51.6402  60.7003 0003585 346.5460  13.5433 15.50011595432713
1 25544U 98067A   24002.63105160  .00015908  00000-0  28599-3 0  9999
2 25544  51.6440  60.6199 0003255 345.7037 112.2604 15.50013695432726
1 25544U 98067A   24002.63105160  .00016795  00000-0  30145-3 0  9994
2 25544  51.6435  60.6197 0003236 345.3321 112.6351 15.50015472432727
1 25544U 98067A   24003.19876693  .00012940  00000-0  23413-3 0  9990
2 25544  51.6422  57.8054 0003185 347.1031  40.8346 15.50023469432815
1 25544U 98067A   24003.40344844  .00003520  00000-0  69534-4 0  9991
2 25544  51.6452  56.7892 0003782 344.5546 106.2891 15.50039471432846
1 25544U 98067A   24003.54318311  .00014907  00000-0  26828-3 0  9995
2 25544  51.6439  56.0979 0003275 348.9172 162.1877 15.50039860432869
1 25544U 98067A   24003.59801929  .00014639  00000-0  26361-3 0  9996
2 25544  51.6424  55.8249 0003289 347.4229 109.8791 15.50040874432873
1 25544U 98067A   24003.59801929  .00015877  00000-0  28516-3 0  9995
2 25544  51.6422  55.8239 0003397 348.6159 108.6885 15.50043818432877
1 25544U 98067A   24004.16769691  .00014178  00000-0  25542-3 0  9997
2 25544  51.6424  53.0008 0003381 350.9965  47.3029 15.50056206432961
1 25544U 98067A   24004.24121087  .00095820  00000-0  16630-2 0  9997
2 25544  51.6418  52.6346 0004030 344.7136 104.0621 15.50055701432976
1 25544U 98067A   24004.37386512  .00152947  00000-0  26263-2 0  9994
2 25544  51.6444  51.9798 0003888 345.7385 123.7761 15.50101737432991
1 25544U 98067A   24004.54768222  .00012559  00000-0  22717-3 0  9990
2 25544  51.6405  51.1175 0003581 352.9302   7.1636 15.50063048433010
1 25544U 98067A   24004.57531659  .00013795  00000-0  24868-3 0  9997
2 25544  51.6424  50.9811 0003248 351.2548 163.1512 15.50066312433023
1 25544U 98067A   24004.61215315  .00011987  00000-0  21718-3 0  9992
2 25544  51.6404  50.7979 0003537 354.0592   6.0354 15.50064302433021
1 25544U 98067A   24004.63157897  .00013826  00000-0  24919-3 0  9994
2 25544  51.6422  50.7010 0003389 351.9472 116.6249 15.50068135433035
1 25544U 98067A   24005.07097249  .00013829  00000-0  24914-3 0  9995
2 25544  51.6422  48.5231 0003393 353.6141  48.5119 15.50080655433100
1 25544U 98067A   24005.13397985  .00014416  00000-0  25932-3 0  9996
2 25544  51.6412  48.2082 0003762 356.3204  37.6416 15.50084707433112
1 25544U 98067A   24005.19238783  .00013435  00000-0  24228-3 0  9999
2 25544  51.6406  47.9229 0003580 355.5859   4.5098 15.50081209433123
1 25544U 98067A   24005.33738639  .00013910  00000-0  25047-3 0  9998
2 25544  51.6416  47.2005 0003685 356.1740  93.6034 15.50088423433147
1 25544U 98067A   24005.51473782  .00012492  00000-0  22579-3 0  9994
2 25544  51.6406  46.3260 0003574 357.3458   2.7512 15.50089017433170
1 25544U 98067A   24005.59774211  .00058145  00000-0  10148-2 0  9996
2 25544  51.6423  45.9087 0003670 357.2352 106.3738 15.50120903433182
1 25544U 98067A   24005.72717917  .00013578  00000-0  24463-3 0  9998
2 25544  51.6421  45.2700 0003449 356.2136 110.1705 15.50097779433202
1 25544U 98067A   24005.72717917  .00021111  00000-0  37543-3 0  9993
2 25544  51.6418  45.2695 0003268 354.0990 112.2923 15.50107905433202
1 25544U 98067A   24006.10343839  .00013513  00000-0  24341-3 0  9993
2 25544  51.6420  43.4050 0003449 357.7277  49.7085 15.50107936433262
1 25544U 98067A   24006.41730772  .00012245  00000-0  22130-3 0  9998
2 25544  51.6408  41.8540 0003635   1.1382 358.9615 15.50113993433318
1 25544U 98067A   24006.54624514  .00011736  00000-0  21242-3 0  9995
2 25544  51.6408  41.2152 0003644   1.6502 358.4498 15.50117107433326
1 25544U 98067A   24006.56404657  .00018207  00000-0  32478-3 0  9994
2 25544  51.6420  41.1204 0003425   2.1882  97.3277 15.50126556433334
1 25544U 98067A   24007.07015894  .00022205  00000-0  39394-3 0  9999
2 25544  51.6415  38.6172 0003694   6.3035  39.4107 15.50142423433416
1 25544U 98067A   24007.20598554  .00207552  00000-0  35328-2 0  9995
2 25544  51.6389  37.9443 0003979   3.1041  81.0682 15.50129671433430
1 25544U 98067A   24007.34013538  .00013022  00000-0  23460-3 0  9996
2 25544  51.6422  37.2765 0003875   2.9982 110.3048 15.50139213433451
1 25544U 98067A   24007.51326684  .00012241  00000-0  22100-3 0  9996
2 25544  51.6408  36.4237 0003681   5.5289 354.5739 15.50143139433477
1 25544U 98067A   24007.53059513  .00013162  00000-0  23699-3 0  9999
2 25544  51.6419  36.3312 0003613   6.2263  90.6454 15.50144666433486
1 25544U 98067A   24007.53059513  .00013535  00000-0  24346-3 0  9993
2 25544  51.6418  36.3373 0003824   5.5292  91.3413 15.50145959433489
1 25544U 98067A   24007.53059513  .00047089  00000-0  82329-3 0  9999
2 25544  51.6426  36.3383 0003482   5.3525  91.5250 15.50163806433488
1 25544U 98067A   24008.10019089  .00018526  00000-0  32992-3 0  9992
2 25544  51.6432  33.5156 0002756  18.4685  19.1617 15.50163897433570
1 25544U 98067A   24008.23598169  .00229868  00000-0  38927-2 0  9993
2 25544  51.6439  32.8445 0003493   5.2545  70.6507 15.50188828433591
1 25544U 98067A   24008.37443046  .00148614  00000-0  25437-2 0  9992
2 25544  51.6442  32.1567 0003821   5.0959 123.9549 15.50211367433611
1 25544U 98067A   24008.54473981  .00014272  00000-0  25603-3 0  9990
2 25544  51.6406  31.3127 0003711   9.5626 350.5433 15.50171640433633
1 25544U 98067A   24008.54473983  .00013523  00000-0  24304-3 0  9997
2 25544  51.6405  31.3127 0003675   9.9327 350.1734 15.50170630433631
1 25544U 98067A   24008.56406552  .00012828  00000-0  23097-3 0  9992
2 25544  51.6418  31.2099 0003911  10.8194  97.2092 15.50171132433643
1 25544U 98067A   24008.56406552  .00012956  00000-0  23319-3 0  9991
2 25544  51.6421  31.2116 0003831   9.9657  98.0661 15.50171775433645
1 25544U 98067A   24008.56406552  .00013000  00000-0  23394-3 0  9995
2 25544  51.6419  31.2115 0003872   9.5658  98.4674 15.50172071433641
1 25544U 98067A   24009.07771354  .00012754  00000-0  22957-3 0  9996
2 25544  51.6415  28.6642 0003807  12.6974  83.7106 15.50184415433727
1 25544U 98067A   24009.14485957  .00012699  00000-0  22862-3 0  9998
2 25544  51.6421  28.3323 0003486  10.7154 100.6642 15.50186174433738
1 25544U 98067A   24009.51172787  .00014761  00000-0  26426-3 0  9995
2 25544  51.6406  26.5204 0003653  14.1553 345.9538 15.50199616433795
1 25544U 98067A   24009.53618896  .00012914  00000-0  23226-3 0  9996
2 25544  51.6421  26.3957 0003666  14.0878 122.6248 15.50197586433790
1 25544U 98067A   24009.89851792  .00014225  00000-0  25487-3 0  9997
2 25544  51.6407  24.6033 0003673  15.7007 344.4095 15.50210588433848
1 25544U 98067A   24009.91076079  .00013008  00000-0  23380-3 0  9995
2 25544  51.6416  24.5362 0003910  16.4586  52.0181 15.50208008433859
1 25544U 98067A   24010.04438150  .00013191  00000-0  23692-3 0  9992
2 25544  51.6415  23.8738 0003896  17.2441  77.4364 15.50212827433879
1 25544U 98067A   24010.23688576  .00013106  00000-0  23542-3 0  9992
2 25544  51.6415  22.9215 0003716  15.5896  74.1239 15.50217600433908
1 25544U 98067A   24010.36613804  .00013217  00000-0  23730-3 0  9990
2 25544  51.6415  22.2811 0003737  16.1791  75.3425 15.50221648433926
1 25544U 98067A   24010.50287178  .00015003  00000-0  26814-3 0  9998
2 25544  51.6417  21.6045 0003872  20.0687 115.0527 15.50231428433942
1 25544U 98067A   24010.87832160  .00013661  00000-0  24486-3 0  9996
2 25544  51.6417  19.7408 0003840  21.5745  50.2536 15.50238299434000
1 25544U 98067A   24011.06604446  .00013856  00000-0  24816-3 0  9995
2 25544  51.6416  18.8099 0003849  22.2986  17.8859 15.50244945434034
1 25544U 98067A   24011.18779485  .00015632  00000-0  27881-3 0  9993
2 25544  51.6404  18.2137 0003837  20.2469 339.8672 15.50254225434053
1 25544U 98067A   24011.26829558  .00014096  00000-0  25226-3 0  9993
2 25544  51.6427  17.8113 0003857  19.3092  70.3630 15.50251603434069
1 25544U 98067A   24011.38118347  .00015819  00000-0  28198-3 0  9998
2 25544  51.6404  17.2554 0003852  20.7619 339.3526 15.50260516434080
1 25544U 98067A   24011.51010846  .00016964  00000-0  30170-3 0  9993
2 25544  51.6404  16.6163 0003845  21.3649 338.7500 15.50266604434091
1 25544U 98067A   24011.53593362  .00015979  00000-0  28469-3 0  9997
2 25544  51.6422  16.4847 0004055  24.4636 119.8774 15.50266176434109
1 25544U 98067A   24011.89688170  .00017213  00000-0  30587-3 0  9995
2 25544  51.6404  14.6993 0003843  22.9602 337.1559 15.50279841434155
1 25544U 98067A   24011.91068561  .00014832  00000-0  26478-3 0  9992
2 25544  51.6425  14.6251 0003871  26.1394  51.0637 15.50274735434167
1 25544U 98067A   24012.04357970  .00018505  00000-0  32807-3 0  9996
2 25544  51.6418  13.9695 0004253  28.7345  70.6506 15.50287500434180
1 25544U 98067A   24012.37491745  .00015484  00000-0  27586-3 0  9992
2 25544  51.6421  12.3248 0004254  24.5531 125.2537 15.50292054434230
1 25544U 98067A   24012.41257369  .00017740  00000-0  31475-3 0  9998
2 25544  51.6406  12.1435 0003796  24.8913 335.2259 15.50298891434246
1 25544U 98067A   24012.50266145  .00016211  00000-0  28836-3 0  9999
2 25544  51.6425  11.6924 0004122  27.6393 115.5939 15.50299019434259
1 25544U 98067A   24013.33307216  .00118192  00000-0  20926-2 0  9998
2 25544  51.6402   7.5856 0004874  89.8117   8.8574 15.49380128434383
1 25544U 98067A   24013.44442462  .00017996  00000-0  32998-3 0  9996
2 25544  51.6401   7.0349 0004784  85.8243 274.3292 15.49345696434401
1 25544U 98067A   24013.46878904  .00061640  00000-0  11034-2 0  9994
2 25544  51.6419   6.9213 0004859  85.9357  50.2079 15.49372261434400
1 25544U 98067A   24013.77743959  .00030163  00000-0  54622-3 0  9996
2 25544  51.6426   5.3907 0004884  91.5298 327.3146 15.49373177434451
1 25544U 98067A   24013.91093411  .00022055  00000-0  40202-3 0  9993
2 25544  51.6427   4.7301 0004878  92.9549 350.9681 15.49369725434472
1 25544U 98067A   24014.04420728  .00016740  00000-0  30733-3 0  9995
2 25544  51.6428   4.0688 0004879  90.6198  17.1470 15.49367927434492
1 25544U 98067A   24014.23659323  .00014338  00000-0  26444-3 0  9996
2 25544  51.6428   3.1154 0004916  89.2408  12.3067 15.49370626434523
1 25544U 98067A   24014.37346274  .00015662  00000-0  28800-3 0  9998
2 25544  51.6431   2.4387 0004979  90.2866  55.1910 15.49377144434542
1 25544U 98067A   24014.47642405  .00018202  00000-0  33320-3 0  9990
2 25544  51.6403   1.9275 0004779  88.2545 271.8991 15.49384941434561
1 25544U 98067A   24014.50253948  .00017284  00000-0  31684-3 0  9994
2 25544  51.6433   1.7990 0004950  92.1852  53.7326 15.49384242434565
1 25544U 98067A   24014.93567683  .00019033  00000-0  34777-3 0  9995
2 25544  51.6432 359.6538 0004888  91.9483 311.5326 15.49404381434634
1 25544U 98067A   24015.07294106  .00018049  00000-0  33022-3 0  9996
2 25544  51.6427 358.9749 0004945  91.7650 357.8558 15.49406907434650
1 25544U 98067A   24015.13521884  .00017764  00000-0  32513-3 0  9996
2 25544  51.6428 358.6659 0004918  92.9079 344.3189 15.49408344434665
1 25544U 98067A   24015.20611772  .00017842  00000-0  32648-3 0  9996
2 25544  51.6428 358.3153 0004931  92.6192  20.3337 15.49411179434676
1 25544U 98067A   24015.44389904  .00019320  00000-0  35263-3 0  9990
2 25544  51.6401 357.1400 0004787  91.1622 268.9915 15.49424201434706
1 25544U 98067A   24015.46970181  .00019321  00000-0  35263-3 0  9996
2 25544  51.6401 357.0122 0004784  91.2694  52.9053 15.49425221434711
1 25544U 98067A   24015.46970181  .00022098  00000-0  40194-3 0  9990
2 25544  51.6428 357.0104 0005098  94.0956  50.0844 15.49428894434717
1 25544U 98067A   24015.84464670  .00019264  00000-0  35143-3 0  9992
2 25544  51.6426 355.1523 0005000  94.9220 342.0643 15.49439831434775
1 25544U 98067A   24015.89537861  .00019997  00000-0  36443-3 0  9997
2 25544  51.6401 354.9049 0004785  93.4125 266.7411 15.49443497434773
1 25544U 98067A   24016.04473289  .00019602  00000-0  35733-3 0  9992
2 25544  51.6424 354.1621 0004992  95.6786  18.1288 15.49449025434801
1 25544U 98067A   24016.31022744  .00020582  00000-0  37457-3 0  9992
2 25544  51.6426 352.8476 0005060  96.3565  59.3691 15.49461731434843
1 25544U 98067A   24016.37639427  .00019671  00000-0  35838-3 0  9998
2 25544  51.6426 352.5203 0005018  96.8450  68.2053 15.49462555434856
1 25544U 98067A   24016.41134796  .00021580  00000-0  39224-3 0  9997
2 25544  51.6403 352.3511 0004736  95.0438 265.1092 15.49467034434852
1 25544U 98067A   24016.43696691  .00019698  00000-0  35883-3 0  9990
2 25544  51.6424 352.2194 0004987  96.5057  46.6463 15.49465069434863
1 25544U 98067A   24016.74384874  .00020772  00000-0  37770-3 0  9993
2 25544  51.6424 350.7005 0005028  97.5750 318.5294 15.49480455434910
1 25544U 98067A   24016.86281540  .00020188  00000-0  36728-3 0  9995
2 25544  51.6404 350.1158 0004757  97.2725 262.8805 15.49485633434921
1 25544U 98067A   24016.87842653  .00032364  00000-0  58271-3 0  9990
2 25544  51.6419 350.0354 0005130  98.7712 348.5344 15.49499681434931
1 25544U 98067A   24017.01161564  .00020081  00000-0  36532-3 0  9991
2 25544  51.6423 349.3743 0004974  98.4594  12.2738 15.49490060434955
1 25544U 98067A   24017.20269774  .00020135  00000-0  36616-3 0  9997
2 25544  51.6425 348.4289 0005026  99.8629 357.4664 15.49498234434981
1 25544U 98067A   24017.33474374  .00020201  00000-0  36727-3 0  9992
2 25544  51.6426 347.7749 0005009 100.0286  14.3678 15.49504002435009
1 25544U 98067A   24017.37877098  .00020358  00000-0  37001-3 0  9995
2 25544  51.6404 347.5619 0004762  98.5991 261.5537 15.49508137435001
1 25544U 98067A   24017.40311521  .00020175  00000-0  36676-3 0  9997
2 25544  51.6430 347.4364 0005105  99.0617  36.9785 15.49506912435018
1 25544U 98067A   24017.40311521  .00020864  00000-0  37894-3 0  9995
2 25544  51.6429 347.4362 0005137  98.9794  37.0651 15.49509122435013
1 25544U 98067A   24017.83022577  .00020285  00000-0  36845-3 0  9994
2 25544  51.6404 345.3264 0004810 100.8692 259.2838 15.49528212435073
1 25544U 98067A   24017.91154612  .00020457  00000-0  37148-3 0  9997
2 25544  51.6422 344.9177 0004982 101.5023 352.5784 15.49529252435091
1 25544U 98067A   24018.17063450  .00020758  00000-0  37663-3 0  9991
2 25544  51.6428 343.6348 0005114 101.4094 358.9090 15.49541353435139
1 25544U 98067A   24018.17401251  .00044046  00000-0  78775-3 0  9991
2 25544  51.6411 343.6233 0005044 104.0075  15.1647 15.49543046435135
1 25544U 98067A   24018.36380118  .00020870  00000-0  37850-3 0  9998
2 25544  51.6427 342.6785 0005121 101.7196 356.8658 15.49550055435165
1 25544U 98067A   24018.41066015  .00019694  00000-0  35769-3 0  9990
2 25544  51.6402 342.4526 0004806 102.4420 257.7106 15.49551262435164
1 25544U 98067A   24018.43698023  .00021189  00000-0  38411-3 0  9991
2 25544  51.6424 342.3157 0005006 103.1536  43.9256 15.49554393435176
1 25544U 98067A   24018.43698023  .00021385  00000-0  38757-3 0  9992
2 25544  51.6427 342.3169 0004949 101.3994  45.6784 15.49554946435174
1 25544U 98067A   24018.92659414  .00019816  00000-0  35958-3 0  9993
2 25544  51.6399 339.8987 0004843 104.4852 255.6675 15.49572962435249
1 25544U 98067A   24019.07338782  .00020876  00000-0  37822-3 0  9992
2 25544  51.6417 339.1674 0004987 103.0607 356.5186 15.49580312435277
1 25544U 98067A   24019.20376626  .00020993  00000-0  38020-3 0  9997
2 25544  51.6422 338.5207 0005158 104.0809   3.2970 15.49586177435298
1 25544U 98067A   24019.20809282  .00019639  00000-0  35630-3 0  9995
2 25544  51.6408 338.5035 0004959 102.2200  29.3022 15.49583730435293
1 25544U 98067A   24019.34240294  .00021021  00000-0  38062-3 0  9992
2 25544  51.6423 337.8345 0005147 104.3142  56.9622 15.49592244435319
1 25544U 98067A   24019.40356395  .00021061  00000-0  38130-3 0  9999
2 25544  51.6419 337.5306 0005031 105.7369  36.9548 15.49595018435324
1 25544U 98067A   24019.89395010  .00021793  00000-0  39395-3 0  9995
2 25544  51.6399 335.1091 0004814 108.8911 251.2600 15.49616182435395
1 25544U 98067A   24019.90639016  .00021001  00000-0  37995-3 0  9990
2 25544  51.6419 335.0412 0005033 108.2104 321.3898 15.49616242435403
1 25544U 98067A   24020.10264619  .00020890  00000-0  37788-3 0  9992
2 25544  51.6421 334.0695 0005080 109.0278 336.1331 15.49623959435433
1 25544U 98067A   24020.34537350  .00022744  00000-0  41045-3 0  9994
2 25544  51.6399 332.8743 0004757 110.2915 249.8585 15.49637024435461
1 25544U 98067A   24020.37097905  .00021039  00000-0  38035-3 0  9995
2 25544  51.6421 332.7416 0005071 109.3432  33.7475 15.49636107435476
1 25544U 98067A   24020.42761635  .00023521  00000-0  42405-3 0  9993
2 25544  51.6417 332.4645 0005091 108.4197 350.8424 15.49642494435486
1 25544U 98067A   24020.67856100  .00023841  00000-0  42950-3 0  9992
2 25544  51.6420 331.2221 0005059 109.1245 311.0162 15.49655165435525
1 25544U 98067A   24020.86127599  .00028088  00000-0  50404-3 0  9997
2 25544  51.6402 330.3197 0004772 112.2302 247.9193 15.49671161435544
1 25544U 98067A   24020.87835618  .00021348  00000-0  38550-3 0  9996
2 25544  51.6420 330.2296 0004951 110.9950 344.4936 15.49659864435551
1 25544U 98067A   24021.00634203  .00025909  00000-0  46557-3 0  9992
2 25544  51.6419 329.5990 0005065 111.4040 338.5789 15.49676915435572
1 25544U 98067A   24021.18371037  .00027030  00000-0  48513-3 0  9995
2 25544  51.6403 328.7233 0004801 113.5558 246.5935 15.49687883435599
1 25544U 98067A   24021.24367882  .00021983  00000-0  39641-3 0  9998
2 25544  51.6418 328.4198 0005037 114.3580 220.5580 15.49679194435604
1 25544U 98067A   24021.33698155  .00025877  00000-0  46473-3 0  9995
2 25544  51.6423 327.9609 0005057 112.9088  22.8885 15.49694343435626
1 25544U 98067A   24021.33698155  .00025877  00000-0  46474-3 0  9996
2 25544  51.6423 327.9609 0005057 112.9091  22.8883 15.49694343435628
1 25544U 98067A   24021.71182883  .00025961  00000-0  46588-3 0  9994
2 25544  51.6422 326.1038 0005061 114.7963 313.6318 15.49714193435683
1 25544U 98067A   24021.89305390  .00022397  00000-0  40311-3 0  9991
2 25544  51.6402 325.2093 0004954 118.1884 241.9606 15.49721121435707
1 25544U 98067A   24021.90731613  .00026276  00000-0  47123-3 0  9992
2 25544  51.6421 325.1359 0005047 116.2859 323.4866 15.49725526435715
1 25544U 98067A   24022.04063463  .00025857  00000-0  46378-3 0  9994
2 25544  51.6424 324.4752 0005008 115.5522 348.4945 15.49731111435737
1 25544U 98067A   24022.21547817  .00021802  00000-0  39246-3 0  9995
2 25544  51.6402 323.6135 0004839 117.3161 242.8321 15.49735823435761
1 25544U 98067A   24022.24140652  .00024460  00000-0  43914-3 0  9994
2 25544  51.6428 323.4802 0005134 117.8798  27.0182 15.49737190435765
1 25544U 98067A   24022.37051078  .00024539  00000-0  44042-3 0  9991
2 25544  51.6431 322.8396 0005033 117.7562  27.8997 15.49743990435785
1 25544U 98067A   24022.37051078  .00025408  00000-0  45565-3 0  9998
2 25544  51.6435 322.8411 0004875 117.1497  28.5107 15.49747298435787
1 25544U 98067A   24022.67711117  .00024600  00000-0  44125-3 0  9992
2 25544  51.6436 321.3220 0004878 117.8594 299.4871 15.49761122435833
1 25544U 98067A   24022.86031579  .00023987  00000-0  43035-3 0  9996
2 25544  51.6401 320.4198 0004867 120.1333 240.0138 15.49769919435857
1 25544U 98067A   24022.87893601  .00024790  00000-0  44442-3 0  9995
2 25544  51.6428 320.3213 0004960 119.4797 344.6223 15.49770630435861
1 25544U 98067A   24023.07374280  .00024895  00000-0  44611-3 0  9999
2 25544  51.6425 319.3558 0004949 119.1990 352.4849 15.49780674435890
1 25544U 98067A   24023.18272938  .00026833  00000-0  47998-3 0  9993
2 25544  51.6401 318.8237 0004827 120.9980 239.1483 15.49788186435910
1 25544U 98067A   24023.27202473  .00025298  00000-0  45298-3 0  9995
2 25544  51.6425 318.3739 0005012 118.0123  20.6665 15.49792422435926
1 25544U 98067A   24023.33753979  .00025415  00000-0  45497-3 0  9996
2 25544  51.6425 318.0500 0005081 119.0583  25.3892 15.49796280435937
1 25544U 98067A   24023.33753979  .00027865  00000-0  49787-3 0  9993
2 25544  51.6426 318.0509 0004901 120.0341  24.4135 15.49799193435937
1 25544U 98067A   24023.70982563  .00028398  00000-0  50681-3 0  9994
2 25544  51.6424 316.2069 0004905 121.7063 301.2158 15.49821480435991
1 25544U 98067A   24023.89202570  .00026543  00000-0  47424-3 0  9998
2 25544  51.6401 315.3110 0004826 124.5042 235.6403 15.49827667436013
1 25544U 98067A   24023.91163976  .00026571  00000-0  47472-3 0  9991
2 25544  51.6422 315.2083 0004895 123.1195 346.5325 15.49827945436029
1 25544U 98067A   24024.04049788  .00026285  00000-0  46960-3 0  9993
2 25544  51.6422 314.5702 0004900 125.0457 344.0307 15.49834043436040
1 25544U 98067A   24024.23099105  .00025611  00000-0  45766-3 0  9997
2 25544  51.6431 313.6242 0005094 124.7807 327.8429 15.49843345436071
1 25544U 98067A   24024.30477502  .00025731  00000-0  45968-3 0  9993
2 25544  51.6430 313.2601 0005044 124.9347  19.6351 15.49847701436082
1 25544U 98067A   24024.30477502  .00027907  00000-0  49769-3 0  9993
2 25544  51.6419 313.2651 0004862 125.7509  18.8175 15.49851456436087
1 25544U 98067A   24024.74576917  .00027069  00000-0  48264-3 0  9999
2 25544  51.6422 311.0786 0004892 126.0273 320.6965 15.49874773436157
1 25544U 98067A   24024.85922033  .00025021  00000-0  44681-3 0  9990
2 25544  51.6403 310.5203 0004816 128.4017 231.7405 15.49877330436166
1 25544U 98067A   24024.87904443  .00029776  00000-0  52972-3 0  9990
2 25544  51.6419 310.4258 0004968 128.2183 342.6105 15.49884623436175
1 25544U 98067A   24025.07423580  .00025709  00000-0  45867-3 0  9998
2 25544  51.6425 309.4495 0004844 127.4873 353.1413 15.49887750436200
1 25544U 98067A   24025.20195946  .00025817  00000-0  46043-3 0  9992
2 25544  51.6428 308.8142 0004911 128.6675 345.0839 15.49894888436227
1 25544U 98067A   24025.24609017  .00022376  00000-0  40034-3 0  9996
2 25544  51.6403 308.6040 0004785 129.6375 230.5037 15.49893323436234
1 25544U 98067A   24025.32789528  .00025508  00000-0  45492-3 0  9994
2 25544  51.6423 308.1998 0004879 128.6011 328.2864 15.49901842436243
1 25544U 98067A   24025.71264590  .00025722  00000-0  45835-3 0  9993
2 25544  51.6418 306.2901 0004869 129.3313 315.7607 15.49921677436303
1 25544U 98067A   24025.89086511  .00023242  00000-0  41508-3 0  9995
2 25544  51.6400 305.4105 0004835 132.0437 228.0964 15.49919505436323
1 25544U 98067A   24026.04106847  .00025248  00000-0  44985-3 0  9998
2 25544  51.6424 304.6603 0005048 131.8734 346.9261 15.49934868436359
1 25544U 98067A   24026.23068080  .00025200  00000-0  44884-3 0  9991
2 25544  51.6422 303.7200 0005197 134.1814 323.3146 15.49944301436387
1 25544U 98067A   24026.27772450  .00021047  00000-0  37654-3 0  9990
2 25544  51.6399 303.4937 0004804 134.0169 226.1217 15.49934504436394
1 25544U 98067A   24026.60010524  .00018126  00000-0  32542-3 0  9999
2 25544  51.6398 301.8968 0004804 135.2568 224.8809 15.49942707436436
1 25544U 98067A   24026.61173311  .00021089  00000-0  37706-3 0  9993
2 25544  51.6427 301.8357 0005145 134.0064 291.0688 15.49950128436446
1 25544U 98067A   24026.67916684  .00021653  00000-0  38686-3 0  9992
2 25544  51.6424 301.5026 0004915 133.0292 308.5624 15.49954419436451
1 25544U 98067A   24026.87885609  .00020645  00000-0  36921-3 0  9996
2 25544  51.6425 300.5135 0004861 132.2891 344.2608 15.49959111436484
1 25544U 98067A   24026.87885609  .00020645  00000-0  36921-3 0  9996
2 25544  51.6425 300.5135 0004861 132.2891 344.2608 15.49959111436484
1 25544U 98067A   24027.07079635  .00018501  00000-0  33173-3 0  9997
2 25544  51.6425 299.5623 0005167 135.3819 332.8706 15.49961621436512
1 25544U 98067A   24027.19735782  .00018571  00000-0  33290-3 0  9999
2 25544  51.6428 298.9375 0005104 135.3231 319.5908 15.49966631436535
1 25544U 98067A   24027.19735782  .00020113  00000-0  35977-3 0  9998
2 25544  51.6431 298.9383 0005137 133.8005 321.1161 15.49970022436535
1 25544U 98067A   24027.24485841  .00019403  00000-0  34741-3 0  9990
2 25544  51.6397 298.7026 0004793 137.6623 222.4737 15.49968853436534
1 25544U 98067A   24027.24485841  .00019403  00000-0  34741-3 0  9990
2 25544  51.6397 298.7026 0004793 137.6623 222.4737 15.49968853436545
1 25544U 98067A   24027.71511328  .00018922  00000-0  34741-3 0  9997
2 25544  51.6384 296.3745 0002610 174.2084 291.0794 15.49276398436616
1 25544U 98067A   24027.88977808  .00018276  00000-0  33568-3 0  9992
2 25544  51.6394 295.5104 0002428 170.7114 189.3920 15.49290859436639
1 25544U 98067A   24027.88977808  .00018276  00000-0  33568-3 0  9992
2 25544  51.6394 295.5104 0002428 170.7114 189.3920 15.49290859436640