1 25544U 98067A   23305.20763340  .00023259  00000-0  41499-3 0  9999
2 25544  51.6447   9.8475 0001108  74.6634 319.9554 15.49953844423043
1 25544U 98067A   23305.41180620  .00021684  00000-0  38744-3 0  9995
2 25544  51.6450   8.8360 0001085  75.1469  19.4675 15.49958906423078
1 25544U 98067A   23305.45935560  .00020740  00000-0  37095-3 0  9990
2 25544  51.6419   8.6026 0000804  69.5696 290.5379 15.49959336423078
1 25544U 98067A   23305.45935560  .00020740  00000-0  37095-3 0  9990
2 25544  51.6419   8.6026 0000804  69.5696 290.5379 15.49959336423089
1 25544U 98067A   23305.67781682  .00023507  00000-0  41901-3 0  9993
2 25544  51.6451   7.5163 0001032  75.6442  64.2645 15.49975199423117
1 25544U 98067A   23305.98555928  .00023436  00000-0  41756-3 0  9998
2 25544  51.6451   5.9916 0001030  73.4037 344.8207 15.49989497423161
1 25544U 98067A   23306.24577545  .00024693  00000-0  43920-3 0  9998
2 25544  51.6449   4.7020 0000788  79.5518 351.6472 15.50006544423201
1 25544U 98067A   23306.44342507  .00023588  00000-0  41988-3 0  9992
2 25544  51.6448   3.7234 0000980  73.9513  20.8531 15.50011514423230
1 25544U 98067A   23306.49093904  .00022527  00000-0  40137-3 0  9998
2 25544  51.6420   3.4920 0000861  70.8373 289.2709 15.50013847423236
1 25544U 98067A   23306.51624101  .00023507  00000-0  41843-3 0  9994
2 25544  51.6450   3.3609 0000974  79.8987  61.4935 15.50015120423245
1 25544U 98067A   23306.70143839  .00023417  00000-0  41672-3 0  9999
2 25544  51.6449   2.4436 0000999  82.4120  13.0773 15.50023695423279
1 25544U 98067A   23306.90913017  .00023104  00000-0  41115-3 0  9999
2 25544  51.6455   1.4172 0000922  53.8000 121.3884 15.50033057423300
1 25544U 98067A   23307.01967233  .00023375  00000-0  41578-3 0  9994
2 25544  51.6452   0.8679 0000997  63.5423   8.8937 15.50038328423327
1 25544U 98067A   23307.21906694  .00007409  00000-0  13749-3 0  9999
2 25544  51.6440 359.8829 0000784  42.7490  63.0632 15.50031709423359
1 25544U 98067A   23307.34722375  .00007633  00000-0  14140-3 0  9990
2 25544  51.6433 359.2481 0000683  39.1981  62.2194 15.50034869423378
1 25544U 98067A   23307.52249345  .00018872  00000-0  33723-3 0  9996
2 25544  51.6420 358.3807 0000885  71.8197 288.2888 15.50053186423397
1 25544U 98067A   23307.55105366  .00022911  00000-0  40738-3 0  9996
2 25544  51.6448 358.2361 0000970  79.4973  80.0946 15.50061094423404
1 25544U 98067A   23307.58696486  .00018216  00000-0  32579-3 0  9994
2 25544  51.6417 358.0622 0000913  69.0177 291.0910 15.50055177423406
1 25544U 98067A   23307.60468144  .00022851  00000-0  40631-3 0  9993
2 25544  51.6449 357.9702 0001012  79.1948  19.8485 15.50063292423418
1 25544U 98067A   23307.66591529  .00021974  00000-0  39106-3 0  9993
2 25544  51.6443 357.6688 0000934  70.7522  10.2118 15.50063871423421
1 25544U 98067A   23308.10983647  .00022757  00000-0  40434-3 0  9995
2 25544  51.6449 355.4665 0001037  80.0900 319.7154 15.50086238423493
1 25544U 98067A   23308.11913845  .00010198  00000-0  18595-3 0  9998
2 25544  51.6435 355.4221 0000970  78.6477  13.0875 15.50073369423498
1 25544U 98067A   23308.18553027  .00019442  00000-0  34683-3 0  9994
2 25544  51.6443 355.0933 0001100  65.1159  37.3394 15.50079984423503
1 25544U 98067A   23308.38021311  .00022169  00000-0  39401-3 0  9995
2 25544  51.6449 354.1269 0001169  82.4196  27.1582 15.50095193423538
1 25544U 98067A   23308.51769877  .00019082  00000-0  34041-3 0  9991
2 25544  51.6442 353.4472 0001002  68.7719  88.5098 15.50092014423557
1 25544U 98067A   23308.55402189  .00018934  00000-0  33784-3 0  9993
2 25544  51.6417 353.2702 0000941  73.4051 286.7041 15.50092406423551
1 25544U 98067A   23308.63791865  .00019085  00000-0  34042-3 0  9990
2 25544  51.6442 352.8512 0001019  69.0284  39.5642 15.50096686423576
1 25544U 98067A   23308.63791865  .00020004  00000-0  35637-3 0  9994
2 25544  51.6444 352.8504 0001031  84.1896  24.4088 15.50098741423571
1 25544U 98067A   23309.08586109  .00019335  00000-0  34455-3 0  9999
2 25544  51.6442 350.6310 0001039  69.9630  19.9728 15.50115068423645
1 25544U 98067A   23309.21802620  .00019272  00000-0  34339-3 0  9994
2 25544  51.6441 349.9759 0001037  70.4301  37.5295 15.50120019423661
1 25544U 98067A   23309.54814200  .00019625  00000-0  34933-3 0  9999
2 25544  51.6445 348.3398 0000977  73.7821  77.5941 15.50134150423711
1 25544U 98067A   23309.54814200  .00020390  00000-0  36259-3 0  9993
2 25544  51.6447 348.3393 0001121  76.8227  74.5571 15.50136646423712
1 25544U 98067A   23309.58552079  .00021434  00000-0  38064-3 0  9996
2 25544  51.6418 348.1598 0000961  72.2945 287.8149 15.50140887423715
1 25544U 98067A   23309.60400512  .00020365  00000-0  36212-3 0  9998
2 25544  51.6449 348.0623 0001122  73.1629  30.1676 15.50139045423725
1 25544U 98067A   23309.90785734  .00032580  00000-0  57316-3 0  9993
2 25544  51.6419 346.5622 0000961  74.2905 285.8190 15.50164824423760
1 25544U 98067A   23309.91805677  .00019852  00000-0  35309-3 0  9998
2 25544  51.6447 346.5060 0000994  72.6333 344.4207 15.50149744423776
1 25544U 98067A   23310.11829968  .00037086  00000-0  65052-3 0  9998
2 25544  51.6440 345.5158 0000879  85.1971  10.0974 15.50184891423808
1 25544U 98067A   23310.23018765  .00031907  00000-0  56109-3 0  9995
2 25544  51.6419 344.9652 0001009  76.3839 283.7262 15.50187395423820
1 25544U 98067A   23310.44789308  .00026493  00000-0  46746-3 0  9996
2 25544  51.6441 343.8812 0001018  84.6791  51.1776 15.50192463423852
1 25544U 98067A   23310.48804940  .00028852  00000-0  50805-3 0  9992
2 25544  51.6419 343.6875 0001032  74.6259 285.4844 15.50202202423860
1 25544U 98067A   23310.55251521  .00026400  00000-0  46568-3 0  9999
2 25544  51.6419 343.3680 0001026  75.3037 284.8065 15.50202632423861
1 25544U 98067A   23310.57030291  .00026825  00000-0  47307-3 0  9993
2 25544  51.6441 343.2746 0001027  86.4286  13.0154 15.50200097423873
1 25544U 98067A   23310.57893466  .00027401  00000-0  48298-3 0  9995
2 25544  51.6449 343.2338 0001142  93.5328  54.1182 15.50202350423873
1 25544U 98067A   23310.84127649  .00027076  00000-0  47714-3 0  9998
2 25544  51.6448 341.9346 0001149  87.6771  85.0024 15.50215762423913
1 25544U 98067A   23311.19715952  .00022311  00000-0  39456-3 0  9998
2 25544  51.6417 340.1735 0001064  78.5090 281.6018 15.50233214423976
1 25544U 98067A   23311.21221355  .00000152  00000-0  10553-4 0  9997
2 25544  51.6445 340.0975 0000915  46.2715  37.8950 15.50212338423972
1 25544U 98067A   23311.48365316  .00023963  00000-0  42288-3 0  9996
2 25544  51.6442 338.7538 0000982  86.1759  73.8734 15.50248001424015
1 25544U 98067A   23311.51947777  .00017455  00000-0  31048-3 0  9998
2 25544  51.6415 338.5765 0001054  76.8245 283.2861 15.50242640424013
1 25544U 98067A   23311.54854009  .00024301  00000-0  42866-3 0  9994
2 25544  51.6433 338.4324 0000984  85.7346  76.6824 15.50251761424023
1 25544U 98067A   23311.54854009  .00024385  00000-0  43011-3 0  9999
2 25544  51.6440 338.4323 0001000  84.7084  77.7086 15.50251950424020
1 25544U 98067A   23311.91759476  .00023608  00000-0  41644-3 0  9999
2 25544  51.6432 336.6038 0000972  87.1200 336.3262 15.50268311424083
1 25544U 98067A   23312.11752141  .00020795  00000-0  36787-3 0  9990
2 25544  51.6431 335.6113 0001114  79.0348  20.9184 15.50270210424111
1 25544U 98067A   23312.24552946  .00013340  00000-0  23909-3 0  9995
2 25544  51.6425 334.9777 0001064 102.4072 352.4212 15.50264579424139
1 25544U 98067A   23312.38093591  .00013945  00000-0  24951-3 0  9995
2 25544  51.6428 334.3064 0001085 100.8606  30.1667 15.50269558424151
1 25544U 98067A   23312.55087934  .00018503  00000-0  32816-3 0  9992
2 25544  51.6414 333.4641 0001037  81.8576 278.2530 15.50282080424179
1 25544U 98067A   23312.57012176  .00025167  00000-0  44286-3 0  9998
2 25544  51.6447 333.3637 0001209  90.7991  16.8031 15.50299604424183
1 25544U 98067A   23312.64271514  .00019702  00000-0  34878-3 0  9993
2 25544  51.6436 333.0073 0001050  82.6276  70.3640 15.50288464424196
1 25544U 98067A   23312.88404150  .00019468  00000-0  34464-3 0  9993
2 25544  51.6434 331.8110 0001038  81.3910 339.3445 15.50297358424237
1 25544U 98067A   23312.93764886  .00017913  00000-0  31782-3 0  9997
2 25544  51.6413 331.5473 0001042  82.5087 277.6021 15.50294901424231
1 25544U 98067A   23313.08381108  .00019240  00000-0  34061-3 0  9994
2 25544  51.6433 330.8206 0001113  79.8462  16.5529 15.50304283424265
1 25544U 98067A   23313.21179987  .00018447  00000-0  32691-3 0  9994
2 25544  51.6450 330.1887 0001349  84.1239   7.0576 15.50306199424281
1 25544U 98067A   23313.48047773  .00055397  00000-0  96054-3 0  9998
2 25544  51.6436 328.8525 0001280  74.6781  77.0191 15.50331811424322
1 25544U 98067A   23313.51779648  .00016537  00000-0  29387-3 0  9993
2 25544  51.6413 328.6716 0001053  82.9231 277.1877 15.50314439424328
1 25544U 98067A   23313.54224324  .00018742  00000-0  33185-3 0  9993
2 25544  51.6436 328.5457 0001178  88.7624  47.8892 15.50319871424337
1 25544U 98067A   23313.85050058  .00017435  00000-0  30921-3 0  9991
2 25544  51.6433 327.0206 0001112  99.5267 318.6889 15.50327268424380
1 25544U 98067A   23314.18483316  .00024976  00000-0  45283-3 0  9990
2 25544  51.6391 325.3646 0002411 268.1402 216.3543 15.49452312424434
1 25544U 98067A   23314.24517226  .00093162  00000-0  16505-2 0  9992
2 25544  51.6416 325.0671 0002415 274.2971 187.0056 15.49490004424444
1 25544U 98067A   23314.38198044  .00100698  00000-0  17797-2 0  9997
2 25544  51.6421 324.3889 0002427 274.3636 230.5917 15.49520642424469
1 25544U 98067A   23314.54950920  .00015800  00000-0  28933-3 0  9999
2 25544  51.6411 323.5610 0002440 276.0154  84.0556 15.49494172424481
1 25544U 98067A   23314.57511260  .00069428  00000-0  12340-2 0  9991
2 25544  51.6422 323.4349 0002543 279.6564 223.3437 15.49531697424490
1 25544U 98067A   23314.80643519  .00015643  00000-0  28933-3 0  9996
2 25544  51.6313 322.3023 0000974 283.4512  70.5543 15.49216381424522
1 25544U 98067A   23314.95000145  .00015639  00000-0  28933-3 0  9999
2 25544  51.6448 321.5871 0001215 297.8843 137.3429 15.49211043424556
1 25544U 98067A   23315.15074672 -.00080304  00000-0 -14562-2 0  9993
2 25544  51.6419 320.5859 0000859 285.4505 190.0903 15.49163956424585
1 25544U 98067A   23315.20928800  .00002297  00000-0  49479-4 0  9990
2 25544  51.6407 320.2953 0001288 294.3016 147.9524 15.49200103424594
1 25544U 98067A   23315.34277753 -.00000448  00000-0  00000+0 0  9998
2 25544  51.6416 319.6351 0000663 266.6131 200.6312 15.49203655424614
1 25544U 98067A   23315.51709337  .00016560  00000-0  30570-3 0  9995
2 25544  51.6409 318.7726 0001091 277.3948  82.6916 15.49224623424631
1 25544U 98067A   23315.51709337  .00016560  00000-0  30570-3 0  9995
2 25544  51.6409 318.7726 0001091 277.3948  82.6916 15.49224623424642
1 25544U 98067A   23315.54308262  .00041686  00000-0  75434-3 0  9995
2 25544  51.6414 318.6437 0001178 297.7642 207.3721 15.49244001424641
1 25544U 98067A   23315.85010711  .00024778  00000-0  45259-3 0  9993
2 25544  51.6415 317.1242 0001118 298.7308 119.8836 15.49246117424693
1 25544U 98067A   23315.85010711  .00025310  00000-0  46209-3 0  9992
2 25544  51.6414 317.1241 0001158 299.9752 118.6396 15.49246763424696
1 25544U 98067A   23315.90412547  .00019057  00000-0  35026-3 0  9997
2 25544  51.6407 316.8579 0001107 279.0838  81.0025 15.49242069424693
1 25544U 98067A   23316.11698406  .00020709  00000-0  37971-3 0  9998
2 25544  51.6415 315.8027 0000998 293.1941 174.8489 15.49252107424732
1 25544U 98067A   23316.24385044  .00017655  00000-0  32502-3 0  9994
2 25544  51.6415 315.1745 0000999 292.1061 163.9708 15.49252079424758
1 25544U 98067A   23316.51037694  .00017666  00000-0  32511-3 0  9991
2 25544  51.6421 313.8559 0000976 293.6950 209.8682 15.49261748424799
1 25544U 98067A   23316.51037694  .00017784  00000-0  32722-3 0  9996
2 25544  51.6418 313.8554 0001004 293.4527 210.1111 15.49261995424797
1 25544U 98067A   23316.88461935  .00016794  00000-0  30940-3 0  9995
2 25544  51.6431 312.0044 0001174 299.6542 132.5635 15.49271298424852
1 25544U 98067A   23317.14766389  .00013761  00000-0  25506-3 0  9999
2 25544  51.6424 310.7012 0001101 292.0625 168.2140 15.49273180424896
1 25544U 98067A   23317.27612380  .00073364  00000-0  13139-2 0  9997
2 25544  51.6424 310.0646 0000891 272.2249 184.9991 15.49291698424915
1 25544U 98067A   23317.34038491  .00074866  00000-0  13399-2 0  9996
2 25544  51.6422 309.7461 0000971 284.2478 171.6256 15.49301942424921
1 25544U 98067A   23317.38772625  .00015358  00000-0  28357-3 0  9996
2 25544  51.6409 309.5155 0001085 285.4767  74.6101 15.49282274424933
1 25544U 98067A   23317.45222967  .00013857  00000-0  25670-3 0  9990
2 25544  51.6409 309.1962 0001088 284.4113  75.6755 15.49282524424936
1 25544U 98067A   23317.47667927  .00014097  00000-0  26098-3 0  9993
2 25544  51.6425 309.0725 0001032 292.1707 204.3705 15.49283526424944
1 25544U 98067A   23317.47667927  .00014185  00000-0  26255-3 0  9996
2 25544  51.6432 309.0741 0001011 289.8192 206.7216 15.49283803424949
1 25544U 98067A   23317.90375080  .00015246  00000-0  28141-3 0  9995
2 25544  51.6410 306.9616 0001091 290.0874  69.9998 15.49298541425000
1 25544U 98067A   23317.91882772  .00014681  00000-0  27130-3 0  9996
2 25544  51.6433 306.8851 0001022 295.5013 148.7314 15.49298583425019
1 25544U 98067A   23318.17700966  .00014852  00000-0  27428-3 0  9999
2 25544  51.6432 305.6070 0001026 294.3429 150.8504 15.49307096425059
1 25544U 98067A   23318.25782407  .00008141  00000-0  15414-3 0  9994
2 25544  51.6420 305.2037 0001506 297.5407 238.6899 15.49302424425062
1 25544U 98067A   23318.38141381  .00015706  00000-0  28947-3 0  9998
2 25544  51.6442 304.5967 0001063 297.2284 208.7871 15.49315489425083
1 25544U 98067A   23318.48427184  .00013135  00000-0  24348-3 0  9992
2 25544  51.6410 304.0884 0001089 292.1795  67.9078 15.49315148425097
1 25544U 98067A   23318.50989808  .00015161  00000-0  27969-3 0  9994
2 25544  51.6429 303.9579 0000883 289.3004 213.8193 15.49318641425101
1 25544U 98067A   23318.88609766  .00015202  00000-0  28031-3 0  9994
2 25544  51.6429 302.0956 0000875 293.6732 149.1107 15.49330478425161
1 25544U 98067A   23318.93578445  .00012821  00000-0  23777-3 0  9995
2 25544  51.6409 301.8538 0001067 294.6063  65.4814 15.49327495425164
1 25544U 98067A   23319.14725025  .00013176  00000-0  24406-3 0  9991
2 25544  51.6430 300.8040 0001013 301.9962 158.3389 15.49332840425200
1 25544U 98067A   23319.28190676  .00026094  00000-0  47454-3 0  9995
2 25544  51.6432 300.1406 0001457 313.2419 178.6434 15.49341007425229
1 25544U 98067A   23319.34820770  .00026054  00000-0  47374-3 0  9994
2 25544  51.6430 299.8121 0001349 311.1125 190.8217 15.49345539425236
1 25544U 98067A   23319.45179492  .00012026  00000-0  22345-3 0  9999
2 25544  51.6409 299.2999 0001077 296.2170  63.8708 15.49339763425247
1 25544U 98067A   23319.53465485  .00014606  00000-0  26950-3 0  9990
2 25544  51.6431 298.8848 0000798 288.3336 174.2333 15.49347168425266
1 25544U 98067A   23319.78559582  .00014454  00000-0  26671-3 0  9990
2 25544  51.6430 297.6425 0000959 302.8059 120.3429 15.49353769425303
1 25544U 98067A   23319.85264109  .00014447  00000-0  26658-3 0  9993
2 25544  51.6430 297.3106 0000954 302.9038 134.4487 15.49355717425315
1 25544U 98067A   23319.91025964  .00014444  00000-0  26651-3 0  9994
2 25544  51.6430 297.0253 0000952 303.1517  95.7911 15.49357417425329
1 25544U 98067A   23320.11389485  .00012480  00000-0  23143-3 0  9990
2 25544  51.6431 296.0189 0000918 307.4636 148.0261 15.49356449425355
1 25544U 98067A   23320.24864744  .00012127  00000-0  22510-3 0  9995
2 25544  51.6426 295.3531 0000857 296.1061 191.4884 15.49359097425377
1 25544U 98067A   23320.50172660  .00012302  00000-0  22817-3 0  9998
2 25544  51.6430 294.0998 0000896 297.4748 162.6536 15.49365989425410
1 25544U 98067A   23320.50172660  .00012336  00000-0  22877-3 0  9991
2 25544  51.6432 294.0998 0000823 293.3188 166.8114 15.49366195425413
1 25544U 98067A   23320.81920999  .00012580  00000-0  23307-3 0  9991
2 25544  51.6430 292.5278 0000873 300.8778 131.2598 15.49375102425464
1 25544U 98067A   23320.88649159  .00012678  00000-0  23480-3 0  9994
2 25544  51.6426 292.1954 0000866 304.7662 142.8998 15.49377279425473
1 25544U 98067A   23320.93530115  .00013133  00000-0  24291-3 0  9999
2 25544  51.6410 291.9578 0001077 303.8696  56.2190 15.49378144425471
1 25544U 98067A   23321.01957624  .00013337  00000-0  24651-3 0  9993
2 25544  51.6429 291.5355 0000817 305.0696 165.4089 15.49383316425494
1 25544U 98067A   23321.27509791  .00012428  00000-0  23026-3 0  9994
2 25544  51.6426 290.2723 0000846 301.3036 155.3492 15.49386262425539
1 25544U 98067A   23321.41134024  .00012504  00000-0  23159-3 0  9995
2 25544  51.6432 289.5972 0000820 300.5175 196.5715 15.49390186425557
1 25544U 98067A   23321.41134024  .00012713  00000-0  23531-3 0  9991
2 25544  51.6431 289.5970 0000839 305.0931 191.9975 15.49391010425558
1 25544U 98067A   23321.91210123  .00012566  00000-0  23259-3 0  9994
2 25544  51.6428 287.1175 0000880 307.5558 104.5368 15.49403431425639
1 25544U 98067A   23322.23860910  .00012434  00000-0  23017-3 0  9991
2 25544  51.6425 285.5014 0000864 308.2244 126.2850 15.49411117425684
1 25544U 98067A   23322.24946627  .00012439  00000-0  23026-3 0  9997
2 25544  51.6425 285.4477 0000866 308.4024 186.7072 15.49411430425681
1 25544U 98067A   23322.35427343  .00010562  00000-0  19677-3 0  9990
2 25544  51.6410 284.9348 0001058 310.4769  49.6127 15.49410838425699
1 25544U 98067A   23322.38088115  .00012236  00000-0  22660-3 0  9999
2 25544  51.6445 284.8002 0000866 310.7864 197.8234 15.49414500425705
1 25544U 98067A   23322.87025607  .00010117  00000-0  18877-3 0  9991
2 25544  51.6408 282.3808 0001061 312.9060  47.1839 15.49421772425775
1 25544U 98067A   23322.95352017  .00013224  00000-0  24412-3 0  9992
2 25544  51.6440 281.9689 0000846 326.7065 138.1338 15.49427299425798
1 25544U 98067A   23323.02014352  .00011671  00000-0  21644-3 0  9996
2 25544  51.6442 281.6387 0000859 324.4202 152.2846 15.49426901425806
1 25544U 98067A   23323.21186508  .00012125  00000-0  22447-3 0  9997
2 25544  51.6432 280.6837 0000845 315.3242 151.5069 15.49434082425833
1 25544U 98067A   23323.38623480  .00011446  00000-0  21237-3 0  9991
2 25544  51.6407 279.8272 0001065 313.8196  46.2705 15.49434931425856
1 25544U 98067A   23323.41207948  .00012086  00000-0  22374-3 0  9996
2 25544  51.6433 279.6925 0000836 318.3204 186.0376 15.49438912425864
1 25544U 98067A   23323.41207948  .00052143  00000-0  93316-3 0  9998
2 25544  51.6434 279.6956 0001119 330.7912 173.5659 15.49460790425862
1 25544U 98067A   23323.90220958  .00011492  00000-0  21311-3 0  9996
2 25544  51.6405 277.2731 0001083 315.5931  44.4970 15.49446607425938
1 25544U 98067A   23323.90881700  .00011741  00000-0  21752-3 0  9990
2 25544  51.6432 277.2343 0001014 327.9325  69.0480 15.49449436425948
1 25544U 98067A   23324.23921032  .00010238  00000-0  19072-3 0  9992
2 25544  51.6430 275.6027 0001118 326.9212 114.2062 15.49452858425992
1 25544U 98067A   23324.35368367  .00013838  00000-0  25477-3 0  9996
2 25544  51.6404 275.0383 0001077 316.8827  43.2077 15.49460617426008
1 25544U 98067A   23324.37934042  .00011442  00000-0  21212-3 0  9999
2 25544  51.6431 274.9053 0000963 328.9691 174.3348 15.49459132426014
1 25544U 98067A   23324.37934042  .00011446  00000-0  21219-3 0  9990
2 25544  51.6430 274.9054 0000949 329.9492 173.3546 15.49459138426013
1 25544U 98067A   23324.86964895  .00015059  00000-0  27634-3 0  9994
2 25544  51.6403 272.4841 0001096 319.1698  40.9208 15.49476816426086
1 25544U 98067A   23325.08201132  .00011912  00000-0  22036-3 0  9992
2 25544  51.6431 271.4302 0001131 331.2378 134.2089 15.49476965426122
1 25544U 98067A   23325.21736263  .00026225  00000-0  47429-3 0  9991
2 25544  51.6423 270.7612 0000973 310.2609 190.7080 15.49496228426140
1 25544U 98067A   23325.32111387  .00015433  00000-0  28284-3 0  9994
2 25544  51.6403 270.2492 0001097 320.5663  39.5246 15.49491849426150
1 25544U 98067A   23325.32111387  .00015433  00000-0  28284-3 0  9994
2 25544  51.6403 270.2492 0001097 320.5663  39.5246 15.49491849426161
1 25544U 98067A   23325.72039455  .00014199  00000-0  26082-3 0  9995
2 25544  51.6428 268.2674 0000705 331.4057  97.4213 15.49501531426224
1 25544U 98067A   23325.83706783  .00019115  00000-0  34797-3 0  9997
2 25544  51.6403 267.6946 0001057 324.5076  35.5842 15.49513947426233
1 25544U 98067A   23325.98748161  .00017222  00000-0  31433-3 0  9990
2 25544  51.6423 266.9467 0000773 320.8831 158.8141 15.49517720426264
1 25544U 98067A   23326.11167988  .00017206  00000-0  31400-3 0  9994
2 25544  51.6425 266.3318 0000778 322.3873 130.5788 15.49522049426289
1 25544U 98067A   23326.37902759  .00015524  00000-0  28411-3 0  9994
2 25544  51.6430 265.0063 0000722 332.5473 172.7453 15.49527244426320
1 25544U 98067A   23326.37902759  .00017742  00000-0  32340-3 0  9994
2 25544  51.6432 265.0091 0000878 322.7179 182.5809 15.49533366426325
1 25544U 98067A   23326.37902759  .00017742  00000-0  32340-3 0  9994
2 25544  51.6432 265.0091 0000878 322.7179 182.5809 15.49533366426325
1 25544U 98067A   23326.81223606  .00014119  00000-0  25909-3 0  9998
2 25544  51.6438 262.8620 0000581 342.7208  60.7343 15.49535756426392
1 25544U 98067A   23326.86895080  .00023616  00000-0  42700-3 0  9994
2 25544  51.6402 262.5865 0001050 328.4414  31.6511 15.49566109426393
1 25544U 98067A   23326.88766336  .00027400  00000-0  49383-3 0  9996
2 25544  51.6430 262.4949 0000489 314.5551 149.9978 15.49569765426402
1 25544U 98067A   23327.09478009  .00022187  00000-0  40161-3 0  9999
2 25544  51.6430 261.4666 0000629 309.3946 231.3101 15.49573439426433
1 25544U 98067A   23327.21675097  .00026283  00000-0  47380-3 0  9990
2 25544  51.6433 260.8647 0000688 337.8524 163.7190 15.49586490426450
1 25544U 98067A   23327.34619826  .00029136  00000-0  52397-3 0  9996
2 25544  51.6432 260.2230 0000586 338.4061 165.7726 15.49598018426479
1 25544U 98067A   23327.46956112  .00023791  00000-0  42965-3 0  9992
2 25544  51.6432 259.6101 0000751 340.3860 132.4250 15.49595723426496
1 25544U 98067A   23327.84624499  .00024790  00000-0  44696-3 0  9997
2 25544  51.6430 257.7450 0000788 342.6291  72.9393 15.49617534426551
1 25544U 98067A   23327.90079658  .00023710  00000-0  42783-3 0  9991
2 25544  51.6405 257.4777 0001018 328.8738  31.2190 15.49621434426558
1 25544U 98067A   23327.91432117  .00024854  00000-0  44802-3 0  9999
2 25544  51.6428 257.4078 0000774 341.5873  94.0043 15.49621142426568
1 25544U 98067A   23328.31334647  .00026475  00000-0  47622-3 0  9997
2 25544  51.6429 255.4325 0000820 346.6354 156.4642 15.49645527426622
1 25544U 98067A   23328.48119374  .00026206  00000-0  47133-3 0  9992
2 25544  51.6406 254.6037 0001062 331.3674  28.7256 15.49654351426642
1 25544U 98067A   23328.50968601  .00025151  00000-0  45277-3 0  9995
2 25544  51.6431 254.4591 0000832 346.4532 172.6917 15.49652396426658
1 25544U 98067A   23328.86811851  .00027880  00000-0  50042-3 0  9995
2 25544  51.6407 252.6882 0001022 331.2701  28.8231 15.49676940426704
1 25544U 98067A   23328.88794288  .00025595  00000-0  46024-3 0  9997
2 25544  51.6429 252.5856 0000752 341.4354 129.3260 15.49673859426710
1 25544U 98067A   23329.06151211  .00026045  00000-0  46799-3 0  9991
2 25544  51.6427 251.7267 0000757 340.6083  19.1118 15.49684688426732
1 25544U 98067A   23329.21995601  .00028075  00000-0  50350-3 0  9990
2 25544  51.6431 250.9439 0000888 337.0347 187.2116 15.49696960426761
1 25544U 98067A   23329.27915755  .00050600  00000-0  89789-3 0  9995
2 25544  51.6431 250.6519 0000852 322.5156 172.2368 15.49715476426773
1 25544U 98067A   23329.57746541  .00032880  00000-0  58742-3 0  9998
2 25544  51.6409 249.1751 0000993 331.1632  28.9302 15.49722137426812
1 25544U 98067A   23329.91551238  .00026834  00000-0  48104-3 0  9996
2 25544  51.6427 247.4965 0000760 245.6365 201.6871 15.49734544426876
1 25544U 98067A   23330.09542025  .00027488  00000-0  49231-3 0  9999
2 25544  51.6429 246.6053 0000679 263.3833 108.3301 15.49747519426904
1 25544U 98067A   23330.24612828  .00028195  00000-0  50451-3 0  9997
2 25544  51.6437 245.8600 0000539 252.8003 240.2967 15.49759421426920
1 25544U 98067A   23330.48023482  .00024664  00000-0  44213-3 0  9991
2 25544  51.6407 244.7042 0000979 334.6788  25.4153 15.49784051426952
1 25544U 98067A   23330.54211806  .00028805  00000-0  51485-3 0  9997
2 25544  51.6437 244.3943 0000293 330.4675  15.1003 15.49779187426964
1 25544U 98067A   23330.94940544  .00024875  00000-0  44548-3 0  9994
2 25544  51.6418 242.3791 0000855 332.8755 126.5751 15.49807520427030
1 25544U 98067A   23331.03071759  .00025651  00000-0  45899-3 0  9991
2 25544  51.6423 241.9768 0000916 332.5497 220.8665 15.49812680427049
1 25544U 98067A   23331.21840932  .00080329  00000-0  14085-2 0  9993
2 25544  51.6429 241.0459 0000672 339.4942 181.8269 15.49852699427076
1 25544U 98067A   23331.27976751  .00011842  00000-0  21649-3 0  9997
2 25544  51.6430 240.7391 0001085 183.4325 320.4634 15.49820584427086
1 25544U 98067A   23331.44745773  .00021005  00000-0  37730-3 0  9994
2 25544  51.6403 239.9148 0000994 337.9095  22.1851 15.49829499427108
1 25544U 98067A   23331.44745773  .00021005  00000-0  37730-3 0  9994
2 25544  51.6403 239.9148 0000994 337.9095  22.1851 15.49829499427119
1 25544U 98067A   23331.51006944  .00031035  00000-0  55260-3 0  9994
2 25544  51.6432 239.5981 0000682 229.5208 120.1752 15.49847848427115
1 25544U 98067A   23331.89881926  .00022326  00000-0  40017-3 0  9993
2 25544  51.6402 237.6799 0000983 339.2432  20.8517 15.49850064427175
1 25544U 98067A   23331.90787439  .00022789  00000-0  40826-3 0  9990
2 25544  51.6427 237.6307 0001044 343.6292  67.0212 15.49851154427186
1 25544U 98067A   23332.18429367  .00024930  00000-0  44548-3 0  9999
2 25544  51.6429 236.2594 0001284 214.9817 298.9925 15.49868543427221
1 25544U 98067A   23332.22121656  .00022457  00000-0  40226-3 0  9995
2 25544  51.6402 236.0825 0001025 339.0456  21.0491 15.49864609427220
1 25544U 98067A   23332.24724459  .00023123  00000-0  41386-3 0  9996
2 25544  51.6425 235.9473 0000610 226.9252 278.5084 15.49867988427230
1 25544U 98067A   23332.24724459  .00023123  00000-0  41387-3 0  9997
2 25544  51.6425 235.9473 0000610 226.9335 278.5001 15.49867988427231
1 25544U 98067A   23332.24724459  .00023423  00000-0  41911-3 0  9993
2 25544  51.6426 235.9491 0001108 344.3658 161.0510 15.49868370427235
1 25544U 98067A   23332.75409133  .00022671  00000-0  40563-3 0  9994
2 25544  51.6432 233.4378 0001074 352.9445 102.3238 15.49890440427317
1 25544U 98067A   23332.94644705  .00022670  00000-0  40549-3 0  9994
2 25544  51.6430 232.4849 0001004 345.4293 103.8175 15.49898748427346
1 25544U 98067A   23333.01703130  .00022590  00000-0  40407-3 0  9995
2 25544  51.6429 232.1350 0001007 344.6100 138.7307 15.49901655427356
1 25544U 98067A   23333.21264824  .00022361  00000-0  39993-3 0  9993
2 25544  51.6433 231.1653 0000801 351.1642 144.3757 15.49910046427380
1 25544U 98067A   23333.52109588  .00066526  00000-0  11648-2 0  9999
2 25544  51.6422 229.6349 0001362 326.7044  91.0706 15.49977932427434
1 25544U 98067A   23333.58785172  .00023126  00000-0  41302-3 0  9994
2 25544  51.6431 229.3060 0000955 349.0691  81.3873 15.49930125427445
1 25544U 98067A   23333.91619101  .00024169  00000-0  43094-3 0  9997
2 25544  51.6417 227.6788 0001060 344.9414 118.7978 15.49949661427493